vocals.wav 0 0.327714 0 1.12656e-06 
vocals.wav 0.13932 0.292439 1 0.000107453 
vocals.wav 0.278639 0.287283 0.779989 0.000275983 
vocals.wav 0.417959 0.286383 0.722073 0.000139366 
vocals.wav 0.557279 0.288121 0.814693 0.000253137 
vocals.wav 0.696599 0.269323 0.901206 0.000186164 
vocals.wav 0.835918 0.291957 1.09643 3.84121e-05 
vocals.wav 0.975238 0.259159 0.943726 8.43858e-05 
vocals.wav 1.11456 0.114861 1.2164 0.000397701 
vocals.wav 1.25388 0.102045 1.01321 0.000183028 
vocals.wav 1.3932 0.118874 1.17133 0.000286639 
vocals.wav 1.53252 0.067725 1.2386 0.000467879 
vocals.wav 1.67184 0.0789565 0.951884 0.000196285 
vocals.wav 1.81116 0.115231 0.922044 0.000281243 
vocals.wav 1.95048 0.107551 0.810481 0.000372278 
vocals.wav 2.0898 0.115084 0.893009 0.000182098 
vocals.wav 2.22912 0.108874 0.887129 0.000233814 
vocals.wav 2.36844 0.0689347 0.862714 0.00016191 
vocals.wav 2.50776 0.124232 1.08991 0.000207291 
vocals.wav 2.64707 0.097467 0.890427 0.000290009 
vocals.wav 2.78639 0.078334 1.03619 0.000739663 
vocals.wav 2.92571 0.093871 1.01082 0.000199291 
vocals.wav 3.06503 0.0775415 1.13262 0.000702422 
vocals.wav 3.20435 0.0728975 1.25984 0.00074662 
vocals.wav 3.34367 0.0924535 1.03723 0.000202626 
vocals.wav 3.48299 0.0779041 1.1914 0.000347953 
vocals.wav 3.62231 0.0520712 0.532197 0.000284763 
vocals.wav 3.76163 0.0526958 0.593368 0.000108973 
vocals.wav 3.90095 0.0616912 0.530851 7.82739e-05 
vocals.wav 4.04027 0.0549409 0.672893 1.38623e-05 
vocals.wav 4.17959 0.0568506 0.591266 3.01922e-05 
vocals.wav 4.31891 0.0673821 0.935977 0.00014135 
vocals.wav 4.45823 0.0719943 1.08423 0.000634153 
vocals.wav 4.59755 0.0693534 1.09742 0.000648196 
vocals.wav 4.73687 0.12769 0.821191 8.41406e-05 
vocals.wav 4.87619 0.0536887 1.1835 0.000359089 
vocals.wav 5.01551 0.0491141 0.881937 0.00055516 
vocals.wav 5.15483 0.0894817 0.813823 8.73746e-05 
vocals.wav 5.29415 0.0575476 1.06092 0.000617841 
vocals.wav 5.43347 0.0811339 1.1927 0.000673777 
vocals.wav 5.57279 0.120612 0.949875 0.000153495 
vocals.wav 5.71211 0.0385951 1.27515 0.000506472 
vocals.wav 5.85143 0.0427005 0.678109 0.00130986 
vocals.wav 5.99075 0.0543829 0.852627 0.00199061 
vocals.wav 6.13007 0.0767589 0.908292 0.000194726 
vocals.wav 6.26939 0.105787 1.01297 0.00019487 
vocals.wav 6.40871 0.0822104 1.20224 0.000589525 
vocals.wav 6.54803 0.0519325 0.826204 0.000641006 
vocals.wav 6.68735 0.0506617 0.747074 0.000485257 
vocals.wav 6.82667 0.066172 0.814288 7.23782e-05 
vocals.wav 6.96599 0.0699716 0.678964 1.68952e-05 
vocals.wav 7.10531 0.0541498 1.24602 5.64364e-05 
vocals.wav 7.24463 0.234744 0.946249 4.26556e-06 
vocals.wav 7.38395 0.242871 1.14855 9.21786e-06 
vocals.wav 7.52327 0.312539 1.22019 4.57119e-05 
vocals.wav 7.66259 0.284561 0.857001 0.000113172 
vocals.wav 7.8019 0.0893328 1.32915 0.000428379 
vocals.wav 7.94122 0.102131 1.0541 8.836e-05 
vocals.wav 8.08054 0.123791 1.01486 0.000272502 
vocals.wav 8.21986 0.0763764 1.24737 0.000147039 
vocals.wav 8.35918 0.0954139 0.969325 9.00823e-05 
vocals.wav 8.4985 0.122635 0.857195 0.000196325 
vocals.wav 8.63782 0.072829 1.09893 0.000263611 
vocals.wav 8.77714 0.101033 0.880357 0.000241398 
vocals.wav 8.91646 0.0659832 0.798533 0.00018786 
vocals.wav 9.05578 0.0835526 1.07088 2.65846e-05 
vocals.wav 9.1951 0.118151 1.05511 4.53397e-05 
vocals.wav 9.33442 0.107179 0.930832 5.0733e-05 
vocals.wav 9.47374 0.0529482 1.14322 0.0007475 
vocals.wav 9.61306 0.0667673 1.12311 0.000267957 
vocals.wav 9.75238 0.068817 1.26187 0.000783948 
vocals.wav 9.8917 0.057723 0.727442 0.000779226 
vocals.wav 10.031 0.114921 1.18284 0.000172481 
vocals.wav 10.1703 0.116671 1.09191 0.00050832 
vocals.wav 10.3097 0.0692709 1.2448 0.000401626 
vocals.wav 10.449 0.0805715 0.977656 0.000234465 
vocals.wav 10.5883 0.0932 1.05804 7.61603e-05 
vocals.wav 10.7276 0.0562949 1.06009 4.71113e-05 
vocals.wav 10.8669 0.05248 0.808029 9.23077e-05 
vocals.wav 11.0063 0.0954069 1.2606 0.000296982 
vocals.wav 11.1456 0.0778937 1.09465 0.000297121 
vocals.wav 11.2849 0.102525 0.879067 0.000280418 
vocals.wav 11.4242 0.111674 0.992201 0.000109596 
vocals.wav 11.5635 0.0947464 1.09421 0.000280766 
vocals.wav 11.7029 0.0871064 1.14402 5.64486e-05 
vocals.wav 11.8422 0.0798828 1.23506 0.000825349 
vocals.wav 11.9815 0.0826209 1.25186 0.000600535 
vocals.wav 12.1208 0.0693445 1.11186 0.000644715 
vocals.wav 12.2601 0.0914501 0.901016 7.70983e-05 
vocals.wav 12.3995 0.0669468 1.19705 0.000638286 
vocals.wav 12.5388 0.0583849 1.03071 0.000201249 
vocals.wav 12.6781 0.104159 1.13301 0.000305022 
vocals.wav 12.8174 0.0781906 1.13551 0.000245211 
vocals.wav 12.9567 0.0716494 1.01469 0.000158848 
vocals.wav 13.0961 0.0732493 1.19977 0.000647962 
vocals.wav 13.2354 0.0560214 0.80481 0.000532465 
vocals.wav 13.3747 0.0508213 0.710839 0.000433581 
vocals.wav 13.514 0.0703286 0.816558 0.000176476 
vocals.wav 13.6533 0.117841 0.704725 4.46786e-05 
vocals.wav 13.7927 0.110131 0.698991 1.55271e-05 
vocals.wav 13.932 0.112528 0.716824 8.75861e-06 
vocals.wav 14.0713 0.147972 0.921009 1.89589e-06 
vocals.wav 14.2106 0.169512 0.852642 5.03946e-06 
vocals.wav 14.3499 0.135289 0.847145 1.84431e-05 
vocals.wav 14.4893 0.0740956 1.14116 0.000739876 
vocals.wav 14.6286 0.070127 1.08297 0.000597766 
vocals.wav 14.7679 0.111817 0.819927 0.000835886 
vocals.wav 14.9072 0.0988932 1.03919 0.000342028 
vocals.wav 15.0465 0.0859009 0.723209 0.000220572 
vocals.wav 15.1859 0.109783 0.903965 0.000205877 
vocals.wav 15.3252 0.0983611 0.960514 0.000322103 
vocals.wav 15.4645 0.083844 0.962625 0.000299213 
vocals.wav 15.6038 0.103174 0.875566 0.000125008 
vocals.wav 15.7431 0.0852343 1.0329 7.30894e-05 
vocals.wav 15.8824 0.126322 0.943692 4.79475e-05 
vocals.wav 16.0218 0.118476 1.16311 0.00015632 
vocals.wav 16.1611 0.0847335 0.86057 0.000707315 
vocals.wav 16.3004 0.217581 0.926016 0.000211638 
vocals.wav 16.4397 0.131483 1.06181 0.00056765 
vocals.wav 16.579 0.0961477 0.966312 0.000414247 
vocals.wav 16.7184 0.0920652 0.810426 0.000338553 
vocals.wav 16.8577 0.111472 1.10985 0.000246676 
vocals.wav 16.997 0.0919734 0.804827 6.1447e-05 
vocals.wav 17.1363 0.0954638 0.771959 2.1554e-05 
vocals.wav 17.2756 0.0642587 1.23061 0.000201662 
vocals.wav 17.415 0.0299817 1.37514 0.00058406 
vocals.wav 17.5543 0.06825 0.857967 0.00057646 
vocals.wav 17.6936 0.0720311 0.641273 0.00041414 
vocals.wav 17.8329 0.0765817 1.01067 0.000698108 
vocals.wav 17.9722 0.0791531 1.14063 0.000648126 
vocals.wav 18.1116 0.0799672 0.869761 0.000389881 
vocals.wav 18.2509 0.0856637 0.937256 0.000568371 
vocals.wav 18.3902 0.0914633 0.746747 0.000388913 
vocals.wav 18.5295 0.0918232 0.813033 0.000249121 
vocals.wav 18.6688 0.0745383 0.950747 0.000869596 
vocals.wav 18.8082 0.0803933 1.12264 0.000771043 
vocals.wav 18.9475 0.0841555 0.83564 0.000745626 
vocals.wav 19.0868 0.0969685 0.875677 0.000634778 
vocals.wav 19.2261 0.183876 1.03486 0.000308512 
vocals.wav 19.3654 0.092919 0.97324 0.000462869 
vocals.wav 19.5048 0.0632897 0.896352 0.000592086 
vocals.wav 19.6441 0.0619012 0.863864 0.000206965 
vocals.wav 19.7834 0.0831493 1.0905 0.000802015 
vocals.wav 19.9227 0.0676825 1.21293 0.000912951 
vocals.wav 20.062 0.0726678 0.815939 0.000611122 
vocals.wav 20.2014 0.105131 1.01026 0.000342225 
vocals.wav 20.3407 0.0773041 0.855773 8.42082e-05 
vocals.wav 20.48 0.141298 0.825315 4.29887e-05 
vocals.wav 20.6193 0.257259 1.01164 0.000154189 
vocals.wav 20.7586 0.210397 0.993632 2.94144e-05 
vocals.wav 20.898 0.12275 1.14554 1.627e-05 
vocals.wav 21.0373 0.0981934 1.06084 0.000130951 
vocals.wav 21.1766 0.0620206 1.26968 0.000966075 
vocals.wav 21.3159 0.0675469 0.853576 0.000927928 
vocals.wav 21.4552 0.0717788 0.926747 0.000564371 
vocals.wav 21.5946 0.0665457 0.870763 0.000665018 
vocals.wav 21.7339 0.0529926 0.973968 0.000751993 
vocals.wav 21.8732 0.0429836 0.958715 0.000575202 
vocals.wav 22.0125 0.0571303 0.960071 0.000794887 
vocals.wav 22.1518 0.0675503 0.768228 0.000541391 
vocals.wav 22.2912 0.0653418 0.904877 0.000478834 
vocals.wav 22.4305 0.0540345 0.948491 0.000395948 
vocals.wav 22.5698 0.0706585 0.902785 0.00039886 
vocals.wav 22.7091 0.115765 0.742712 0.000504906 
vocals.wav 22.8484 0.0744482 1.19893 0.000782333 
vocals.wav 22.9878 0.095419 0.828204 0.000125349 
vocals.wav 23.1271 0.106346 0.990791 0.000723302 
vocals.wav 23.2664 0.116434 0.92757 0.000344861 
vocals.wav 23.4057 0.249966 1.12572 0.000173225 
vocals.wav 23.545 0.158139 1.14075 0.000493193 
vocals.wav 23.6844 0.178315 1.16035 0.000262816 
vocals.wav 23.8237 0.182372 0.80282 0.000135967 
vocals.wav 23.963 0.208122 0.905741 5.39625e-05 
vocals.wav 24.1023 0.158543 0.881213 1.91874e-05 
vocals.wav 24.2416 0.128373 1.13119 7.26294e-05 
vocals.wav 24.381 0.111282 0.83076 0.000180861 
vocals.wav 24.5203 0.0792421 1.29408 0.000453507 
vocals.wav 24.6596 0.130433 1.00215 0.000352027 
vocals.wav 24.7989 0.138704 0.893596 0.000214974 
vocals.wav 24.9382 0.106031 1.06331 0.000612519 
vocals.wav 25.0776 0.186447 1.1477 0.000483294 
vocals.wav 25.2169 0.116778 1.11918 0.000672401 
vocals.wav 25.3562 0.108 0.892317 0.000469589 
vocals.wav 25.4955 0.121848 0.969163 0.000365195 
vocals.wav 25.6348 0.11536 1.07323 0.000648815 
vocals.wav 25.7741 0.0841124 1.08825 0.000410601 
vocals.wav 25.9135 0.192955 1.18301 0.000569511 
vocals.wav 26.0528 0.104805 1.13429 0.000789471 
vocals.wav 26.1921 0.0644213 0.986559 0.000623852 
vocals.wav 26.3314 0.041759 0.877673 0.000691203 
vocals.wav 26.4707 0.0599702 0.822066 0.000746249 
vocals.wav 26.6101 0.0656705 0.686615 0.000496322 
vocals.wav 26.7494 0.0831056 0.748635 0.000207926 
vocals.wav 26.8887 0.091879 0.928211 9.20562e-05 
vocals.wav 27.028 0.0946741 0.981923 0.000119542 
vocals.wav 27.1673 0.1316 0.917193 0.000219133 
vocals.wav 27.3067 0.104937 1.05497 0.000383493 
vocals.wav 27.446 0.0583351 1.25691 0.000778927 
vocals.wav 27.5853 0.136128 1.10859 0.000247396 
vocals.wav 27.7246 0.119427 0.865222 8.85924e-05 
vocals.wav 27.8639 0.0643834 1.16188 0.000892325 
vocals.wav 28.0033 0.0732738 0.798266 0.00052516 
vocals.wav 28.1426 0.0947029 1.10755 0.000439751 
vocals.wav 28.2819 0.0883933 1.13732 0.000392826 
vocals.wav 28.4212 0.106107 1.12654 0.000412141 
vocals.wav 28.5605 0.100695 1.13739 0.00115336 
vocals.wav 28.6999 0.100733 0.919492 0.000964119 
vocals.wav 28.8392 0.105768 0.861462 0.000470414 
vocals.wav 28.9785 0.155708 0.821407 0.000391881 
vocals.wav 29.1178 0.0567967 1.22082 0.00094075 
vocals.wav 29.2571 0.0867276 0.974548 0.000288456 
vocals.wav 29.3965 0.136932 0.825059 0.000205275 
vocals.wav 29.5358 0.0837886 1.15562 0.000299796 
vocals.wav 29.6751 0.0900967 1.18616 0.000173826 
vocals.wav 29.8144 0.0923808 1.09292 0.000591696 
vocals.wav 29.9537 0.07127 0.957691 0.00152435 
vocals.wav 30.0931 0.070072 0.892956 0.00120303 
vocals.wav 30.2324 0.097714 1.10903 0.000317617 
vocals.wav 30.3717 0.0674213 1.11686 0.00063772 
vocals.wav 30.511 0.0771784 0.790813 0.00022546 
vocals.wav 30.6503 0.0577511 1.06858 0.000884083 
vocals.wav 30.7897 0.0721479 0.977053 0.000385171 
vocals.wav 30.929 0.0713009 0.97041 0.000811888 
vocals.wav 31.0683 0.0750218 0.937132 0.000698564 
vocals.wav 31.2076 0.0650732 1.11484 0.000713029 
vocals.wav 31.3469 0.0879215 1.1662 0.000610265 
vocals.wav 31.4863 0.102766 1.0306 0.000228158 
vocals.wav 31.6256 0.0984833 1.14419 0.000184183 
vocals.wav 31.7649 0.0926132 0.918284 0.000116749 
vocals.wav 31.9042 0.114386 1.11854 7.16065e-05 
vocals.wav 32.0435 0.0465593 1.21654 0.000656591 
vocals.wav 32.1829 0.073701 0.905868 0.000159708 
vocals.wav 32.3222 0.0589487 1.02372 0.000915747 
vocals.wav 32.4615 0.0552553 0.976454 0.00055475 
vocals.wav 32.6008 0.0850143 0.970081 0.000880961 
vocals.wav 32.7401 0.0496655 1.17023 0.00139417 
vocals.wav 32.8795 0.0805862 1.12216 0.000922462 
vocals.wav 33.0188 0.0639839 1.04254 0.00137873 
vocals.wav 33.1581 0.0869862 1.19639 0.001285 
vocals.wav 33.2974 0.0849869 1.01149 0.000303737 
vocals.wav 33.4367 0.0795889 0.86326 8.25494e-05 
vocals.wav 33.5761 0.084742 0.961634 0.000130068 
vocals.wav 33.7154 0.0833968 1.00873 0.000281136 
vocals.wav 33.8547 0.0756426 0.897101 0.000734358 
vocals.wav 33.994 0.0706832 1.08306 0.000439134 
vocals.wav 34.1333 0.0393286 0.936955 0.000562377 
vocals.wav 34.2727 0.0715432 0.922854 0.000611211 
vocals.wav 34.412 0.0552404 1.00558 0.000355733 
vocals.wav 34.5513 0.0760741 0.944974 0.000455074 
vocals.wav 34.6906 0.0835117 0.868624 0.000401062 
vocals.wav 34.8299 0.0688501 0.895153 0.000525387 
vocals.wav 34.9693 0.0604123 0.92331 0.000379453 
vocals.wav 35.1086 0.0685838 1.18175 0.000738295 
vocals.wav 35.2479 0.0728365 1.13878 0.000321668 
vocals.wav 35.3872 0.0854127 0.814256 0.00054568 
vocals.wav 35.5265 0.0893104 0.914015 0.000401489 
vocals.wav 35.6659 0.089343 1.12658 0.000502982 
vocals.wav 35.8052 0.0960645 0.85384 0.000529534 
vocals.wav 35.9445 0.094143 1.17955 0.000750032 
vocals.wav 36.0838 0.0679634 1.00535 0.000704126 
vocals.wav 36.2231 0.0726502 0.867349 0.000681819 
vocals.wav 36.3624 0.0690729 0.940023 0.000996283 
vocals.wav 36.5018 0.0837641 0.94957 0.000632692 
vocals.wav 36.6411 0.0707927 0.831474 0.000702502 
vocals.wav 36.7804 0.112322 0.797113 0.000463833 
vocals.wav 36.9197 0.141066 0.805596 0.000164252 
vocals.wav 37.059 0.14244 0.819023 0.000102247 
vocals.wav 37.1984 0.215857 1.00741 7.50153e-05 
vocals.wav 37.3377 0.159112 0.860594 0.000238567 
vocals.wav 37.477 0.26065 1.00604 0.000155108 
vocals.wav 37.6163 0.0721143 1.27392 0.000713203 
vocals.wav 37.7556 0.0872364 1.11267 0.000837398 
vocals.wav 37.895 0.0945847 1.01245 0.00038265 
vocals.wav 38.0343 0.0938765 0.835363 0.000228945 
vocals.wav 38.1736 0.0677491 0.91565 0.000226312 
vocals.wav 38.3129 0.0689911 1.18435 0.000457899 
vocals.wav 38.4522 0.0476498 0.890359 0.000287747 
vocals.wav 38.5916 0.0669786 1.02658 6.43959e-05 
vocals.wav 38.7309 0.0329369 1.05208 0.00015816 
vocals.wav 38.8702 0.0892023 1.34124 0.000842182 
vocals.wav 39.0095 0.0943121 0.912739 0.000174428 
vocals.wav 39.1488 0.103076 1.02696 0.000522375 
vocals.wav 39.2882 0.100039 0.927055 0.00032546 
vocals.wav 39.4275 0.0677896 1.08741 0.000815578 
vocals.wav 39.5668 0.0738882 0.84561 0.000532029 
vocals.wav 39.7061 0.0814192 0.666177 0.00014407 
vocals.wav 39.8454 0.0732979 0.692945 0.000104229 
vocals.wav 39.9848 0.0472276 0.956692 0.000136476 
vocals.wav 40.1241 0.0416468 1.19673 0.000242939 
vocals.wav 40.2634 0.0528355 1.11091 3.17753e-05 
vocals.wav 40.4027 0.0522153 1.08383 8.39509e-06 
vocals.wav 40.542 0.123879 0.704976 1.9959e-06 
vocals.wav 40.6814 0.319545 1.1288 1.25275e-06 
vocals.wav 40.8207 0.325646 0.895308 1.0737e-06 
vocals.wav 40.96 0.275952 1.07415 0.000175929 
vocals.wav 41.0993 0.188663 1.13266 0.000234497 
vocals.wav 41.2386 0.113425 1.11731 0.000143796 
vocals.wav 41.378 0.0872673 1.18954 0.000475612 
vocals.wav 41.5173 0.101653 1.06631 0.000413619 
vocals.wav 41.6566 0.0718277 1.22084 0.0004394 
vocals.wav 41.7959 0.0732633 1.01578 0.000829222 
vocals.wav 41.9352 0.0742734 0.827494 0.000609293 
vocals.wav 42.0746 0.128459 1.1957 0.000249085 
vocals.wav 42.2139 0.140243 0.992287 0.000120227 
vocals.wav 42.3532 0.132621 1.02097 4.80978e-05 
vocals.wav 42.4925 0.132417 1.06219 0.000230757 
vocals.wav 42.6318 0.122487 0.786689 0.000250322 
vocals.wav 42.7712 0.105723 1.18702 0.000538 
vocals.wav 42.9105 0.101264 1.11772 0.000663613 
vocals.wav 43.0498 0.0806934 1.20871 0.000806689 
vocals.wav 43.1891 0.101463 0.956492 0.00106904 
vocals.wav 43.3284 0.145029 0.96862 0.000851399 
vocals.wav 43.4678 0.147003 0.676356 0.000862397 
vocals.wav 43.6071 0.117199 0.784803 0.0004354 
vocals.wav 43.7464 0.112386 0.748031 0.00040874 
vocals.wav 43.8857 0.127605 0.79636 0.000160016 
vocals.wav 44.025 0.122516 0.820028 4.62593e-05 
vocals.wav 44.1644 0.134518 0.60535 1.44285e-05 
vocals.wav 44.3037 0.0864704 1.14697 0.000520612 
vocals.wav 44.443 0.104098 0.857818 0.000206289 
vocals.wav 44.5823 0.0975252 1.05415 0.000594849 
vocals.wav 44.7216 0.0880334 1.03368 0.000613455 
vocals.wav 44.861 0.0856236 0.557649 0.000413592 
vocals.wav 45.0003 0.144109 1.03549 0.000550791 
vocals.wav 45.1396 0.0863931 1.16535 0.00137572 
vocals.wav 45.2789 0.0790509 0.999043 0.00110426 
vocals.wav 45.4182 0.117505 1.14061 0.000903552 
vocals.wav 45.5576 0.128628 1.02644 0.000499841 
vocals.wav 45.6969 0.0558675 1.05047 0.000898033 
vocals.wav 45.8362 0.065444 0.697745 0.000501621 
vocals.wav 45.9755 0.0849774 0.938285 0.000783108 
vocals.wav 46.1148 0.0800479 1.01682 0.000646361 
vocals.wav 46.2541 0.0858798 1.05189 0.00070714 
vocals.wav 46.3935 0.0854166 1.1245 0.000960217 
vocals.wav 46.5328 0.0895185 0.880092 0.000754092 
vocals.wav 46.6721 0.11028 0.80905 0.000657382 
vocals.wav 46.8114 0.136579 1.0827 0.000256953 
vocals.wav 46.9507 0.130434 0.88434 0.000139018 
vocals.wav 47.0901 0.173727 0.899847 7.66042e-05 
vocals.wav 47.2294 0.143437 1.25365 0.00036104 
vocals.wav 47.3687 0.139073 0.794683 0.000270638 
vocals.wav 47.508 0.165288 1.09498 0.000327395 
vocals.wav 47.6473 0.156471 0.941767 0.000100877 
vocals.wav 47.7867 0.116227 0.934754 0.000444649 
vocals.wav 47.926 0.142896 1.11653 0.000179007 
vocals.wav 48.0653 0.0952437 1.13032 0.000360959 
vocals.wav 48.2046 0.0667695 1.09269 0.000623952 
vocals.wav 48.3439 0.0734317 1.15205 0.000587981 
vocals.wav 48.4833 0.0833901 1.10795 0.000589409 
vocals.wav 48.6226 0.0988395 1.16398 0.000239746 
vocals.wav 48.7619 0.0963401 0.994123 0.000271772 
vocals.wav 48.9012 0.0952893 1.05173 0.000184219 
vocals.wav 49.0405 0.098274 1.14521 9.23928e-05 
vocals.wav 49.1799 0.136464 1.20744 0.000282101 
vocals.wav 49.3192 0.184982 1.20507 0.000270524 
vocals.wav 49.4585 0.14002 1.03577 0.000314306 
vocals.wav 49.5978 0.124244 0.979415 0.000414139 
vocals.wav 49.7371 0.119698 1.08072 0.000614595 
vocals.wav 49.8765 0.1205 0.934643 0.000644415 
vocals.wav 50.0158 0.121102 0.823785 0.000160246 
vocals.wav 50.1551 0.140046 1.01051 0.00055535 
vocals.wav 50.2944 0.125047 0.820495 0.000593824 
vocals.wav 50.4337 0.142059 0.895889 0.000537263 
vocals.wav 50.5731 0.167797 0.831574 0.000400366 
vocals.wav 50.7124 0.129542 0.749855 0.000110557 
vocals.wav 50.8517 0.115378 0.824025 0.000302032 
vocals.wav 50.991 0.104616 1.08553 0.000600122 
vocals.wav 51.1303 0.11347 0.877406 0.000462218 
vocals.wav 51.2697 0.121876 0.829963 0.000730992 
vocals.wav 51.409 0.106038 0.884581 0.000570618 
vocals.wav 51.5483 0.112922 0.777125 0.00075151 
vocals.wav 51.6876 0.161131 0.956534 0.000383896 
vocals.wav 51.8269 0.0884476 1.14333 0.000852528 
vocals.wav 51.9663 0.0862609 1.0654 0.000796403 
vocals.wav 52.1056 0.120526 0.926395 0.000404405 
vocals.wav 52.2449 0.103206 1.004 0.000858417 
vocals.wav 52.3842 0.0888057 1.04191 0.000535633 
vocals.wav 52.5235 0.122118 0.945002 0.000464535 
vocals.wav 52.6629 0.0887202 1.15975 0.000947235 
vocals.wav 52.8022 0.0647343 1.21178 0.00064741 
vocals.wav 52.9415 0.0693932 1.09112 0.000567923 
vocals.wav 53.0808 0.0718613 1.02102 0.000680499 
vocals.wav 53.2201 0.0624286 0.955583 0.000361451 
vocals.wav 53.3595 0.0698939 0.782496 0.000148383 
vocals.wav 53.4988 0.068633 0.785603 4.18527e-05 
vocals.wav 53.6381 0.088115 0.726414 5.73671e-06 
vocals.wav 53.7774 0.113138 0.83646 3.45686e-06 
vocals.wav 53.9167 0.135845 0.663918 2.00223e-06 
vocals.wav 54.0561 0.150145 0.732935 1.79123e-06 
vocals.wav 54.1954 0.245597 0.520639 5.10766e-07 
vocals.wav 54.3347 0.272128 0.903929 2.98154e-07 
vocals.wav 54.474 0.450355 1.09116 1.74915e-07 
vocals.wav 54.6133 0.414361 0.89142 1.16268e-07 
vocals.wav 54.7527 0.305373 0.931187 4.80236e-07 
vocals.wav 54.892 0.0430979 1.19128 5.16853e-06 
vocals.wav 55.0313 0.112954 0.227852 7.27391e-07 
vocals.wav 55.1706 0.15853 0.206582 1.68375e-06 
vocals.wav 55.3099 0.5 1 0 
vocals.wav 55.4493 0.346217 1 1.19788e-07 
vocals.wav 55.5886 0.107347 1.18147 0.000249622 
vocals.wav 55.7279 0.0921479 0.818476 0.0001779 
vocals.wav 55.8672 0.0917791 1.14215 0.000154994 
vocals.wav 56.0065 0.0799159 0.924926 7.36253e-05 
vocals.wav 56.1459 0.0881549 0.579587 0.000253587 
vocals.wav 56.2852 0.11613 0.804932 9.55918e-05 
vocals.wav 56.4245 0.101197 0.926527 3.32777e-05 
vocals.wav 56.5638 0.101437 0.923103 2.35562e-05 
vocals.wav 56.7031 0.171968 1.28956 4.23404e-05 
vocals.wav 56.8424 0.152633 1.10017 4.65553e-05 
vocals.wav 56.9818 0.181235 1.1606 5.55722e-06 
vocals.wav 57.1211 0.17726 0.863563 9.0781e-06 
vocals.wav 57.2604 0.196985 0.99023 2.77689e-06 
vocals.wav 57.3997 0.250583 0.704914 8.90554e-07 
vocals.wav 57.539 0.167918 0.924593 9.81835e-06 
vocals.wav 57.6784 0.171416 0.711916 8.62099e-06 
vocals.wav 57.8177 0.247441 0.662792 9.77091e-07 
vocals.wav 57.957 0.193148 0.969878 4.3064e-06 
vocals.wav 58.0963 0.208284 1.08993 2.34263e-06 
vocals.wav 58.2356 0.191899 0.749933 2.91824e-06 
vocals.wav 58.375 0.154304 1.08192 1.97499e-05 
vocals.wav 58.5143 0.169799 0.88423 1.09833e-05 
vocals.wav 58.6536 0.226658 0.621732 2.01888e-06 
vocals.wav 58.7929 0.207872 1.01841 3.88924e-06 
vocals.wav 58.9322 0.294943 0.985022 1.98989e-06 
vocals.wav 59.0716 0.236786 1.10306 4.78496e-06 
vocals.wav 59.2109 0.268081 1.05401 2.32795e-05 
vocals.wav 59.3502 0.0989014 1.37629 0.000190262 
vocals.wav 59.4895 0.110564 0.959387 8.03837e-05 
vocals.wav 59.6288 0.130459 0.972457 4.42922e-05 
vocals.wav 59.7682 0.172225 1.02894 0.000172396 
vocals.wav 59.9075 0.174362 0.933909 4.83176e-05 
vocals.wav 60.0468 0.18491 0.92637 3.66359e-05 
vocals.wav 60.1861 0.166019 1.30865 1.91019e-05 
vocals.wav 60.3254 0.206461 0.940356 1.50228e-05 
vocals.wav 60.4648 0.224101 1.06945 1.9247e-05 
vocals.wav 60.6041 0.2291 0.73276 3.28758e-05 
vocals.wav 60.7434 0.234699 0.851963 5.75614e-05 
vocals.wav 60.8827 0.236428 0.868641 6.84332e-05 
vocals.wav 61.022 0.240472 0.648589 4.91934e-05 
vocals.wav 61.1614 0.241814 0.787496 5.68352e-05 
vocals.wav 61.3007 0.243348 0.824875 5.01133e-05 
vocals.wav 61.44 0.235971 0.897084 5.3558e-05 
vocals.wav 61.5793 0.246229 0.564563 4.62614e-05 
vocals.wav 61.7186 0.242488 0.711577 5.09218e-05 
vocals.wav 61.858 0.235382 0.609093 5.33871e-05 
vocals.wav 61.9973 0.235896 1.13901 9.9405e-05 
vocals.wav 62.1366 0.226064 0.996126 0.000109452 
vocals.wav 62.2759 0.191938 1.18299 0.000159689 
vocals.wav 62.4152 0.1834 1.02911 0.000104153 
vocals.wav 62.5546 0.16734 1.0817 7.96987e-05 
vocals.wav 62.6939 0.208882 0.99137 5.18838e-05 
vocals.wav 62.8332 0.209916 1.01513 4.21824e-05 
vocals.wav 62.9725 0.21742 0.91898 6.12691e-05 
vocals.wav 63.1118 0.201148 0.765432 3.91334e-05 
vocals.wav 63.2512 0.224724 0.916666 7.29081e-05 
vocals.wav 63.3905 0.214223 0.618895 5.06017e-05 
vocals.wav 63.5298 0.194323 0.632082 5.44303e-05 
vocals.wav 63.6691 0.201474 0.502273 5.5407e-05 
vocals.wav 63.8084 0.211636 0.46928 5.40425e-05 
vocals.wav 63.9478 0.240713 1.14597 4.89417e-05 
vocals.wav 64.0871 0.233142 0.491225 5.55601e-05 
vocals.wav 64.2264 0.229486 0.544798 4.254e-05 
vocals.wav 64.3657 0.218852 0.730843 5.03689e-05 
vocals.wav 64.505 0.223061 0.466258 3.95081e-05 
vocals.wav 64.6444 0.227019 0.705409 2.95848e-05 
vocals.wav 64.7837 0.225074 0.640372 1.91162e-05 
vocals.wav 64.923 0.244253 0.676558 8.24787e-06 
vocals.wav 65.0623 0.251153 0.70747 4.99413e-06 
vocals.wav 65.2016 0.272677 0.6435 2.16781e-06 
vocals.wav 65.341 0.296983 0.670807 1.4887e-06 
vocals.wav 65.4803 0.333865 0.650185 7.55782e-07 
vocals.wav 65.6196 0.414399 0.690813 2.19934e-07 
vocals.wav 65.7589 0.451801 0.752921 8.83077e-08 
vocals.wav 65.8982 0.464268 0.675157 6.33017e-08 
vocals.wav 66.0376 0.446113 0.718238 8.43701e-08 
vocals.wav 66.1769 0.433687 0.699114 1.05012e-07 
vocals.wav 66.3162 0.422884 0.663604 2.77221e-07 
vocals.wav 66.4555 0.395375 0.857661 3.02141e-07 
vocals.wav 66.5948 0.380896 0.705202 4.78258e-07 
vocals.wav 66.7341 0.396288 0.651913 4.72573e-07 
vocals.wav 66.8735 0.445538 0.599136 1.85306e-07 
vocals.wav 67.0128 0.453009 0.753286 2.3047e-07 
vocals.wav 67.1521 0.415359 0.750395 3.48591e-07 
vocals.wav 67.2914 0.399607 0.79385 4.3503e-07 
vocals.wav 67.4307 0.430173 0.73715 2.39504e-07 
vocals.wav 67.5701 0.488575 0.796718 8.93318e-08 
vocals.wav 67.7094 0.428461 1.11419 3.37938e-07 
vocals.wav 67.8487 0.342853 1.03927 4.64635e-06 
vocals.wav 67.988 0.356827 0.9363 3.64261e-06 
vocals.wav 68.1273 0.332023 0.988954 1.50375e-05 
vocals.wav 68.2667 0.327509 1.09042 1.85172e-05 
vocals.wav 68.406 0.336404 1.13582 9.20083e-06 
vocals.wav 68.5453 0.341771 0.901392 5.20888e-06 
vocals.wav 68.6846 0.342674 1.10009 1.33052e-06 
vocals.wav 68.8239 0.224151 1.20645 1.01287e-05 
vocals.wav 68.9633 0.207363 0.620567 1.23277e-05 
vocals.wav 69.1026 0.218625 0.812878 1.34817e-05 
vocals.wav 69.2419 0.24592 0.722594 1.6591e-05 
vocals.wav 69.3812 0.245215 0.719598 2.02915e-05 
vocals.wav 69.5205 0.260829 0.899619 2.03611e-05 
vocals.wav 69.6599 0.292469 0.875629 2.86317e-05 
vocals.wav 69.7992 0.297392 0.678751 2.52698e-05 
vocals.wav 69.9385 0.277907 0.751299 2.34543e-05 
vocals.wav 70.0778 0.210382 1.00404 1.42051e-05 
vocals.wav 70.2171 0.160882 0.725259 1.4204e-05 
vocals.wav 70.3565 0.167167 1.14447 2.2677e-05 
vocals.wav 70.4958 0.147737 0.802474 9.0634e-06 
vocals.wav 70.6351 0.110722 0.909784 1.07662e-05 
vocals.wav 70.7744 0.0993034 0.731863 1.91472e-05 
vocals.wav 70.9137 0.320297 0.795608 2.21924e-06 
vocals.wav 71.0531 0.159785 0.778441 8.16582e-06 
vocals.wav 71.1924 0.18225 1.18822 8.61886e-06 
vocals.wav 71.3317 0.272284 1.27804 4.20159e-07 
vocals.wav 71.471 0.301417 0.734758 1.90305e-07 
vocals.wav 71.6103 0.361822 0.870715 3.00059e-07 
vocals.wav 71.7497 0.324422 0.594822 2.90359e-07 
vocals.wav 71.889 0.312449 0.566026 2.23585e-07 
vocals.wav 72.0283 0.2941 0.791972 2.31808e-07 
vocals.wav 72.1676 0.268258 0.855841 5.77302e-07 
vocals.wav 72.3069 0.198431 0.625955 1.56782e-06 
vocals.wav 72.4463 0.141458 0.597661 2.19791e-06 
vocals.wav 72.5856 0.160631 0.684371 1.61586e-06 
vocals.wav 72.7249 0.122816 0.647433 3.81467e-06 
vocals.wav 72.8642 0.100941 0.567798 7.19595e-06 
vocals.wav 73.0035 0.0846167 0.723362 1.02944e-05 
vocals.wav 73.1429 0.0587677 0.942841 4.37345e-05 
vocals.wav 73.2822 0.0499112 0.494771 5.76643e-05 
vocals.wav 73.4215 0.0516786 1.0054 6.64415e-05 
vocals.wav 73.5608 0.0396879 0.861087 0.000163836 
vocals.wav 73.7001 0.0455928 0.780602 7.58374e-05 
vocals.wav 73.8395 0.038984 0.470412 0.00010399 
vocals.wav 73.9788 0.0542638 0.826618 4.61278e-05 
vocals.wav 74.1181 0.0489418 0.675377 7.1426e-05 
vocals.wav 74.2574 0.0488817 0.231421 7.02794e-05 
vocals.wav 74.3967 0.0466933 0.576732 7.74429e-05 
vocals.wav 74.5361 0.0402209 0.572382 9.02962e-05 
vocals.wav 74.6754 0.0415259 0.722228 0.000103773 
vocals.wav 74.8147 0.0508292 0.887916 0.000143744 
vocals.wav 74.954 0.0408716 0.900402 8.44682e-05 
vocals.wav 75.0933 0.0650494 0.995969 1.15968e-05 
vocals.wav 75.2327 0.0772167 0.630793 7.09649e-06 
vocals.wav 75.372 0.118835 0.798984 3.12131e-06 
vocals.wav 75.5113 0.124756 0.651909 3.11506e-06 
vocals.wav 75.6506 0.143057 0.636358 3.21725e-06 
vocals.wav 75.7899 0.143332 0.50331 2.89004e-06 
vocals.wav 75.9293 0.120833 0.631566 4.76262e-06 
vocals.wav 76.0686 0.210379 0.488317 1.15712e-06 
vocals.wav 76.2079 0.134362 0.526845 4.14099e-06 
vocals.wav 76.3472 0.166758 0.747124 1.89891e-06 
vocals.wav 76.4865 0.205872 0.657139 1.1257e-06 
vocals.wav 76.6259 0.19067 0.641715 1.58048e-06 
vocals.wav 76.7652 0.207756 0.559301 1.22524e-06 
vocals.wav 76.9045 0.247602 0.548173 7.52177e-07 
vocals.wav 77.0438 0.303978 0.683687 4.32475e-07 
vocals.wav 77.1831 0.249613 0.878928 8.85554e-07 
vocals.wav 77.3224 0.260491 0.811459 6.40215e-07 
vocals.wav 77.4618 0.174972 0.66877 1.78345e-06 
vocals.wav 77.6011 0.171476 0.682438 1.62289e-06 
vocals.wav 77.7404 0.153689 1.29155 0.000115535 
vocals.wav 77.8797 0.142421 1.0168 0.00015926 
vocals.wav 78.019 0.133913 0.768211 0.00019388 
vocals.wav 78.1584 0.0978122 0.979101 0.000234481 
vocals.wav 78.2977 0.08719 0.771935 0.000206796 
vocals.wav 78.437 0.0543571 0.910965 0.000857683 
vocals.wav 78.5763 0.0644034 0.740864 0.000608052 
vocals.wav 78.7156 0.0595097 0.770047 0.00051776 
vocals.wav 78.855 0.0703907 0.762173 0.000104833 
vocals.wav 78.9943 0.0676757 0.797691 8.6577e-05 
vocals.wav 79.1336 0.0781335 0.706053 8.97138e-05 
vocals.wav 79.2729 0.142872 0.614905 0.000102789 
vocals.wav 79.4122 0.0772145 0.66077 9.81055e-05 
vocals.wav 79.5516 0.0777947 0.672691 8.88027e-05 
vocals.wav 79.6909 0.0867698 0.496627 7.71579e-05 
vocals.wav 79.8302 0.0860906 0.455684 9.17335e-05 
vocals.wav 79.9695 0.0935057 0.48148 5.88271e-05 
vocals.wav 80.1088 0.0921268 0.684334 6.98104e-05 
vocals.wav 80.2482 0.0785087 0.498412 6.10323e-05 
vocals.wav 80.3875 0.0816766 0.678261 5.53589e-05 
vocals.wav 80.5268 0.0997914 1.25079 8.89939e-05 
vocals.wav 80.6661 0.113927 1.02538 1.88627e-05 
vocals.wav 80.8054 0.133614 0.59911 1.27308e-05 
vocals.wav 80.9448 0.147419 0.789549 7.11356e-06 
vocals.wav 81.0841 0.174061 0.786809 5.91006e-06 
vocals.wav 81.2234 0.181382 0.765032 5.38634e-06 
vocals.wav 81.3627 0.188596 0.811441 7.76272e-06 
vocals.wav 81.502 0.178597 0.755716 8.69069e-06 
vocals.wav 81.6414 0.187612 0.870766 1.23167e-05 
vocals.wav 81.7807 0.176186 0.772337 1.64303e-05 
vocals.wav 81.92 0.173045 0.826412 2.65833e-05 
vocals.wav 82.0593 0.17352 0.827415 1.49819e-05 
vocals.wav 82.1986 0.164038 0.821296 1.96422e-05 
vocals.wav 82.338 0.185251 0.458662 2.43492e-05 
vocals.wav 82.4773 0.193334 0.892695 2.32265e-05 
vocals.wav 82.6166 0.175939 1.06645 2.26598e-05 
vocals.wav 82.7559 0.154016 1.02624 6.54925e-05 
vocals.wav 82.8952 0.20754 1.00543 1.91887e-05 
vocals.wav 83.0346 0.200925 0.853399 1.35693e-05 
vocals.wav 83.1739 0.243388 1.15489 4.54626e-05 
vocals.wav 83.3132 0.234211 0.816954 4.02379e-05 
vocals.wav 83.4525 0.22809 0.627383 4.50243e-05 
vocals.wav 83.5918 0.23622 0.724448 3.30299e-05 
vocals.wav 83.7312 0.24565 0.735246 3.26487e-05 
vocals.wav 83.8705 0.25186 0.900343 3.02006e-05 
vocals.wav 84.0098 0.253632 0.812595 2.39871e-05 
vocals.wav 84.1491 0.266205 0.835133 2.44637e-05 
vocals.wav 84.2884 0.259528 0.815687 1.01128e-05 
vocals.wav 84.4278 0.237669 0.746683 6.87956e-06 
vocals.wav 84.5671 0.248107 0.673133 5.50167e-06 
vocals.wav 84.7064 0.337663 1.21105 1.88686e-05 
vocals.wav 84.8457 0.276292 0.988218 5.27512e-06 
vocals.wav 84.985 0.249681 0.788795 3.2187e-06 
vocals.wav 85.1244 0.0392136 1.37339 0.000304403 
vocals.wav 85.2637 0.0367636 0.681886 0.000182649 
vocals.wav 85.403 0.0300855 0.541526 0.000495703 
vocals.wav 85.5423 0.0456362 1.12663 0.000232085 
vocals.wav 85.6816 0.0565386 0.456812 0.000153036 
vocals.wav 85.821 0.0558577 0.977683 0.000137794 
vocals.wav 85.9603 0.0591942 0.405119 0.000141716 
vocals.wav 86.0996 0.0675771 0.554243 0.000176786 
vocals.wav 86.2389 0.0842403 0.636942 0.00017138 
vocals.wav 86.3782 0.0724936 0.61335 0.000146654 
vocals.wav 86.5176 0.074431 0.383521 0.000164611 
vocals.wav 86.6569 0.105192 0.451835 0.000183453 
vocals.wav 86.7962 0.0630247 0.179889 0.000202021 
vocals.wav 86.9355 0.0562772 0.152207 0.000215383 
vocals.wav 87.0748 0.0697944 0.157148 0.000210062 
vocals.wav 87.2141 0.0490842 1.33868 0.000416142 
vocals.wav 87.3535 0.0655318 1.08442 0.000681681 
vocals.wav 87.4928 0.0847305 1.16335 0.000623704 
vocals.wav 87.6321 0.0833833 1.10724 0.000836627 
vocals.wav 87.7714 0.0716103 0.823812 0.000597649 
vocals.wav 87.9107 0.211694 1.29374 0.000244784 
vocals.wav 88.0501 0.0835441 1.27933 0.000655043 
vocals.wav 88.1894 0.114562 1.12233 4.79709e-05 
vocals.wav 88.3287 0.0628069 1.03384 0.000116474 
vocals.wav 88.468 0.0762204 1.30043 0.000356554 
vocals.wav 88.6073 0.0494305 1.2668 0.000815107 
vocals.wav 88.7467 0.0928342 1.13001 0.000199893 
vocals.wav 88.886 0.0781237 0.923384 0.000298544 
vocals.wav 89.0253 0.0510177 1.01562 0.000956768 
vocals.wav 89.1646 0.069421 1.08809 0.000368724 
vocals.wav 89.3039 0.0620676 0.952499 0.00027852 
vocals.wav 89.4433 0.0735107 0.794589 0.000795696 
vocals.wav 89.5826 0.0671903 1.30305 0.000819463 
vocals.wav 89.7219 0.0821147 0.823375 0.000175528 
vocals.wav 89.8612 0.113837 1.18355 0.000137105 
vocals.wav 90.0005 0.209272 1.23926 0.000246114 
vocals.wav 90.1399 0.0975887 1.156 0.000106022 
vocals.wav 90.2792 0.0731516 1.01529 0.000367046 
vocals.wav 90.4185 0.115331 0.960531 0.000463515 
vocals.wav 90.5578 0.0716971 1.2134 0.000414069 
vocals.wav 90.6971 0.0526903 1.00662 0.00053707 
vocals.wav 90.8365 0.0805802 1.1473 0.000257103 
vocals.wav 90.9758 0.0965296 0.635284 0.000187056 
vocals.wav 91.1151 0.0781787 0.665691 0.000195181 
vocals.wav 91.2544 0.0751363 0.666797 0.000257994 
vocals.wav 91.3937 0.0917772 1.04721 0.000655674 
vocals.wav 91.5331 0.0760681 0.928279 0.000522703 
vocals.wav 91.6724 0.0583449 1.28353 0.000845997 
vocals.wav 91.8117 0.0655772 1.18087 0.000231213 
vocals.wav 91.951 0.108923 0.728157 0.000363623 
vocals.wav 92.0903 0.0526924 1.16719 0.000768526 
vocals.wav 92.2297 0.13674 1.21049 0.000272358 
vocals.wav 92.369 0.0891996 0.778491 0.000304338 
vocals.wav 92.5083 0.0803289 1.02405 0.000370306 
vocals.wav 92.6476 0.0573966 1.17948 0.000464895 
vocals.wav 92.7869 0.0942778 1.12098 0.000529741 
vocals.wav 92.9263 0.101678 0.947597 0.000410485 
vocals.wav 93.0656 0.215436 1.05983 0.000350355 
vocals.wav 93.2049 0.108372 1.15644 0.000704585 
vocals.wav 93.3442 0.11385 1.0799 0.000490136 
vocals.wav 93.4835 0.0965461 1.15917 0.000463189 
vocals.wav 93.6229 0.200244 1.07828 0.000313705 
vocals.wav 93.7622 0.136177 1.1768 0.000525373 
vocals.wav 93.9015 0.190797 1.12832 0.000425018 
vocals.wav 94.0408 0.133497 0.694966 0.000230568 
vocals.wav 94.1801 0.0868023 1.20482 0.00084845 
vocals.wav 94.3195 0.083154 0.910237 0.000717072 
vocals.wav 94.4588 0.0743972 1.00879 0.000244424 
vocals.wav 94.5981 0.0704625 1.16633 0.000282196 
vocals.wav 94.7374 0.0532864 1.14236 0.000594007 
vocals.wav 94.8767 0.0677494 1.25054 0.000684469 
vocals.wav 95.0161 0.0532281 1.2814 0.000162475 
vocals.wav 95.1554 0.089085 1.23342 0.000462715 
vocals.wav 95.2947 0.100838 1.05492 0.000117528 
vocals.wav 95.434 0.0582028 1.16572 0.000582773 
vocals.wav 95.5733 0.0652889 0.911719 0.00037095 
vocals.wav 95.7127 0.0507408 1.17922 0.000632979 
vocals.wav 95.852 0.0519088 0.948316 0.00091398 
vocals.wav 95.9913 0.0341283 1.13823 0.000148415 
vocals.wav 96.1306 0.0422385 1.21704 0.000455141 
vocals.wav 96.2699 0.0625184 1.31387 0.000375019 
vocals.wav 96.4093 0.157161 1.26223 0.000162948 
vocals.wav 96.5486 0.0884192 0.584724 0.000116016 
vocals.wav 96.6879 0.0627489 1.00912 0.000232144 
vocals.wav 96.8272 0.109047 1.20346 0.00075052 
vocals.wav 96.9665 0.142297 1.25805 0.000459842 
vocals.wav 97.1059 0.207962 1.13827 0.000352 
vocals.wav 97.2452 0.110624 1.17794 0.000158303 
vocals.wav 97.3845 0.121983 0.877758 0.000218114 
vocals.wav 97.5238 0.102275 0.869608 0.000157466 
vocals.wav 97.6631 0.0862837 0.745574 0.000276102 
vocals.wav 97.8024 0.0639736 0.923248 0.000892028 
vocals.wav 97.9418 0.0771099 0.74579 0.000286527 
vocals.wav 98.0811 0.0872749 0.671174 0.000177216 
vocals.wav 98.2204 0.0916371 0.827649 0.000606647 
vocals.wav 98.3597 0.118658 0.80515 0.000465373 
vocals.wav 98.499 0.0937955 0.709926 0.000374626 
vocals.wav 98.6384 0.0976265 0.69692 0.000355091 
vocals.wav 98.7777 0.0608792 0.747351 0.000937143 
vocals.wav 98.917 0.0798982 0.904895 9.904e-05 
vocals.wav 99.0563 0.0888251 0.754455 7.74966e-05 
vocals.wav 99.1956 0.0771737 0.691355 7.443e-05 
vocals.wav 99.335 0.0758382 0.777666 0.000182637 
vocals.wav 99.4743 0.0802379 0.775134 0.000187439 
vocals.wav 99.6136 0.0869345 0.682125 0.000201824 
vocals.wav 99.7529 0.0862941 0.885491 0.000105412 
vocals.wav 99.8922 0.0903244 0.920014 0.000226319 
vocals.wav 100.032 0.0992448 0.734189 0.000122656 
vocals.wav 100.171 0.131678 0.849583 3.93622e-05 
vocals.wav 100.31 0.15028 0.826042 2.69806e-05 
vocals.wav 100.45 0.0894426 1.1223 0.000119195 
vocals.wav 100.589 0.0851191 1.08591 4.48639e-05 
vocals.wav 100.728 0.0956088 0.919027 4.15965e-05 
vocals.wav 100.867 0.0392985 0.960334 0.000678373 
vocals.wav 101.007 0.061543 1.07656 0.000883896 
vocals.wav 101.146 0.0611262 1.09275 0.000142042 
vocals.wav 101.285 0.0620664 0.904205 5.07713e-05 
vocals.wav 101.425 0.0305084 1.06778 0.000539697 
vocals.wav 101.564 0.0616853 1.14611 0.000621656 
vocals.wav 101.703 0.0658332 1.07725 0.000212674 
vocals.wav 101.843 0.0665901 0.897477 0.000684428 
vocals.wav 101.982 0.061768 0.814376 0.000881207 
vocals.wav 102.121 0.0876161 0.932385 0.000313808 
vocals.wav 102.261 0.0881779 0.781052 0.000148856 
vocals.wav 102.4 0.0981191 0.710838 0.000106009 
vocals.wav 102.539 0.092159 0.976432 0.000115218 
vocals.wav 102.679 0.101743 0.857818 0.000145463 
vocals.wav 102.818 0.116285 0.74446 0.00013375 
vocals.wav 102.957 0.113608 0.848577 9.1758e-05 
vocals.wav 103.097 0.090963 0.986544 0.000884807 
vocals.wav 103.236 0.0876272 1.04246 0.00028759 
vocals.wav 103.375 0.124645 1.17616 0.000539253 
vocals.wav 103.515 0.138154 0.754024 9.43264e-05 
vocals.wav 103.654 0.0749546 1.23025 0.000767049 
vocals.wav 103.793 0.0986882 0.929209 4.8775e-05 
vocals.wav 103.933 0.080458 1.00961 0.000729687 
vocals.wav 104.072 0.0927823 1.19692 0.000739423 
vocals.wav 104.211 0.0977181 0.906003 0.000122503 
vocals.wav 104.35 0.0745403 1.03486 0.00076072 
vocals.wav 104.49 0.0611989 1.02132 0.000836346 
vocals.wav 104.629 0.153564 1.24392 0.000653606 
vocals.wav 104.768 0.169567 1.05207 0.000569732 
vocals.wav 104.908 0.133397 1.15847 6.92983e-05 
vocals.wav 105.047 0.152296 0.63241 3.00983e-05 
vocals.wav 105.186 0.180783 0.824496 2.47651e-05 
vocals.wav 105.326 0.0891975 1.20063 0.000306498 
vocals.wav 105.465 0.1455 1.09499 1.98538e-05 
vocals.wav 105.604 0.0778109 1.24348 0.000250433 
vocals.wav 105.744 0.23803 1.328 0.000388174 
vocals.wav 105.883 0.0963592 1.28283 0.000172087 
vocals.wav 106.022 0.106688 0.864719 0.000232435 
vocals.wav 106.162 0.131545 0.716969 0.000575148 
vocals.wav 106.301 0.16377 0.938168 6.38708e-05 
vocals.wav 106.44 0.0760314 1.33149 0.000280151 
vocals.wav 106.58 0.134415 1.31231 0.000260401 
vocals.wav 106.719 0.151025 0.898449 3.31277e-05 
vocals.wav 106.858 0.20729 1.15526 2.19162e-05 
vocals.wav 106.998 0.0651012 1.26824 0.000518591 
vocals.wav 107.137 0.0468852 1.01488 0.000586393 
vocals.wav 107.276 0.100216 1.11274 3.80208e-05 
vocals.wav 107.416 0.119539 0.844417 1.60958e-05 
vocals.wav 107.555 0.128731 0.585763 1.52572e-05 
vocals.wav 107.694 0.114129 0.767244 2.51664e-05 
vocals.wav 107.833 0.0666528 1.17096 0.00067473 
vocals.wav 107.973 0.0687067 1.05372 0.000132185 
vocals.wav 108.112 0.0582475 1.09502 0.000946589 
vocals.wav 108.251 0.0722509 1.02729 0.000450038 
vocals.wav 108.391 0.094082 1.21016 0.000149734 
vocals.wav 108.53 0.107475 1.07725 2.44718e-05 
vocals.wav 108.669 0.111195 0.814634 5.81209e-05 
vocals.wav 108.809 0.0929571 0.962142 0.000270604 
vocals.wav 108.948 0.0650017 1.26295 0.000247431 
vocals.wav 109.087 0.0892075 1.19384 0.000613623 
vocals.wav 109.227 0.116038 1.04981 2.43993e-05 
vocals.wav 109.366 0.120715 1.0303 0.000343796 
vocals.wav 109.505 0.0928265 1.24158 0.000612852 
vocals.wav 109.645 0.0905864 1.27366 0.000284137 
vocals.wav 109.784 0.0887026 1.11996 0.000247001 
vocals.wav 109.923 0.0844968 0.904311 6.14538e-05 
vocals.wav 110.063 0.0863086 0.795353 0.000172251 
vocals.wav 110.202 0.112946 0.891187 0.000215656 
vocals.wav 110.341 0.0960667 0.836571 0.00052326 
vocals.wav 110.481 0.0843711 0.762151 0.000483818 
vocals.wav 110.62 0.0745941 0.740639 0.000993685 
vocals.wav 110.759 0.0900196 0.750248 0.00032581 
vocals.wav 110.899 0.0802001 0.795833 0.000489514 
vocals.wav 111.038 0.0825515 0.844784 0.00030238 
vocals.wav 111.177 0.0638752 1.17086 0.00134911 
vocals.wav 111.316 0.0946741 1.20681 0.00025392 
vocals.wav 111.456 0.0817953 0.874741 0.000161947 
vocals.wav 111.595 0.0974794 0.927911 0.000233372 
vocals.wav 111.734 0.122428 0.893685 9.59797e-05 
vocals.wav 111.874 0.109562 0.859838 0.000100163 
vocals.wav 112.013 0.109281 0.960773 0.000141924 
vocals.wav 112.152 0.0977867 0.987663 0.000207908 
vocals.wav 112.292 0.103614 1.06873 9.87143e-05 
vocals.wav 112.431 0.06586 1.03814 0.000169147 
vocals.wav 112.57 0.109574 0.780118 2.87397e-05 
vocals.wav 112.71 0.0666633 0.992558 0.000125939 
vocals.wav 112.849 0.0987406 0.83409 3.77434e-05 
vocals.wav 112.988 0.109056 0.751296 3.1514e-05 
vocals.wav 113.128 0.104144 1.07102 3.64229e-05 
vocals.wav 113.267 0.165662 1.15973 0.000556282 
vocals.wav 113.406 0.0489355 1.28101 0.000638843 
vocals.wav 113.546 0.0957517 1.14061 0.000737 
vocals.wav 113.685 0.169417 1.09701 0.000275068 
vocals.wav 113.824 0.164742 0.702895 4.90151e-05 
vocals.wav 113.964 0.140691 0.883275 0.000320254 
vocals.wav 114.103 0.212873 0.963108 1.46361e-05 
vocals.wav 114.242 0.238903 0.773617 1.2852e-05 
vocals.wav 114.381 0.21579 0.93089 2.85256e-05 
vocals.wav 114.521 0.297272 1.25901 6.3321e-06 
vocals.wav 114.66 0.185743 1.25165 1.11589e-05 
vocals.wav 114.799 0.113359 1.19264 0.000145325 
vocals.wav 114.939 0.0640845 1.16195 6.07998e-05 
vocals.wav 115.078 0.116027 1.1156 0.000187106 
vocals.wav 115.217 0.0748645 1.07096 0.000554564 
vocals.wav 115.357 0.0660111 0.930637 0.000691813 
vocals.wav 115.496 0.064039 0.641757 0.000726681 
vocals.wav 115.635 0.0724012 1.01026 0.00090615 
vocals.wav 115.775 0.0880305 1.05927 0.000451785 
vocals.wav 115.914 0.0847631 0.726734 0.000419835 
vocals.wav 116.053 0.0840254 0.696467 0.000502558 
vocals.wav 116.193 0.0838359 0.749585 0.000503788 
vocals.wav 116.332 0.0589112 0.810031 0.00106294 
vocals.wav 116.471 0.0756536 0.870031 0.000425441 
vocals.wav 116.611 0.0647052 0.692975 0.000287105 
vocals.wav 116.75 0.0757678 0.76047 0.000140663 
vocals.wav 116.889 0.0583732 0.839529 0.000120035 
vocals.wav 117.029 0.0530359 0.700373 0.000232888 
vocals.wav 117.168 0.0477299 0.913725 0.000631978 
vocals.wav 117.307 0.0625766 0.985847 0.000160671 
vocals.wav 117.447 0.0567418 0.904794 0.000117622 
vocals.wav 117.586 0.0536498 0.908335 0.000775161 
vocals.wav 117.725 0.0475998 0.676332 0.000783406 
vocals.wav 117.864 0.0524739 1.0097 0.000579223 
vocals.wav 118.004 0.0561709 1.08791 0.000211502 
vocals.wav 118.143 0.0703787 0.860313 0.000164015 
vocals.wav 118.282 0.0722732 0.666763 0.000213418 
vocals.wav 118.422 0.082557 0.919767 0.000385495 
vocals.wav 118.561 0.0704151 0.919401 0.00143233 
vocals.wav 118.7 0.0475052 1.28359 0.00153404 
vocals.wav 118.84 0.0671176 1.16241 0.000523115 
vocals.wav 118.979 0.0648759 0.668774 0.000162224 
vocals.wav 119.118 0.0743367 1.07984 0.000162801 
vocals.wav 119.258 0.127021 1.15089 8.57322e-05 
vocals.wav 119.397 0.117899 0.719438 0.000370133 
vocals.wav 119.536 0.0969411 0.837332 0.000365831 
vocals.wav 119.676 0.0873666 0.791149 0.000535224 
vocals.wav 119.815 0.0948427 0.811516 0.000346217 
vocals.wav 119.954 0.091544 0.880267 0.000244907 
vocals.wav 120.094 0.0971522 0.97124 0.000137543 
vocals.wav 120.233 0.10359 0.92877 9.9923e-05 
vocals.wav 120.372 0.0708404 0.869366 0.00110833 
vocals.wav 120.512 0.0462228 0.810778 0.000638408 
vocals.wav 120.651 0.0517091 0.762803 4.3726e-05 
vocals.wav 120.79 0.0762898 0.621156 1.05897e-05 
vocals.wav 120.93 0.0850205 0.75772 9.97958e-06 
vocals.wav 121.069 0.0707712 0.791163 0.000534758 
vocals.wav 121.208 0.0575927 0.701769 0.000769519 
vocals.wav 121.347 0.061192 0.782137 0.00136893 
vocals.wav 121.487 0.105854 0.904299 0.00055553 
vocals.wav 121.626 0.092159 0.929807 0.000812693 
vocals.wav 121.765 0.086045 1.23682 0.000844399 
vocals.wav 121.905 0.0709239 1.05819 0.00129535 
vocals.wav 122.044 0.164591 0.96557 0.000462801 
vocals.wav 122.183 0.101325 0.916937 0.000505744 
vocals.wav 122.323 0.105256 0.695049 0.000727207 
vocals.wav 122.462 0.0990196 0.713545 0.00066368 
vocals.wav 122.601 0.0852179 0.786172 0.000572814 
vocals.wav 122.741 0.0948041 0.745185 0.000647531 
vocals.wav 122.88 0.0771176 0.853938 0.000501771 
vocals.wav 123.019 0.0907535 0.817604 0.000437009 
vocals.wav 123.159 0.0939987 0.786682 0.000377951 
vocals.wav 123.298 0.094931 0.941342 0.000230462 
vocals.wav 123.437 0.0969701 1.01647 0.000126062 
vocals.wav 123.577 0.0622155 1.1009 0.000177421 
vocals.wav 123.716 0.0845168 0.931533 0.000488461 
vocals.wav 123.855 0.0859101 0.992356 0.000528168 
vocals.wav 123.995 0.0975283 0.890825 0.00024577 
vocals.wav 124.134 0.0777506 0.781549 0.00104466 
vocals.wav 124.273 0.0671184 0.838749 0.00123947 
vocals.wav 124.413 0.0745442 0.80974 0.000657671 
vocals.wav 124.552 0.0669033 0.649652 0.000856704 
vocals.wav 124.691 0.0810432 0.654361 0.00120437 
vocals.wav 124.83 0.0717975 0.881741 0.000595575 
vocals.wav 124.97 0.0812451 0.997138 0.000618613 
vocals.wav 125.109 0.071953 0.845274 0.00029826 
vocals.wav 125.248 0.08355 0.924124 0.00156221 
vocals.wav 125.388 0.113301 0.84055 0.00017186 
vocals.wav 125.527 0.0810381 1.07503 8.10231e-05 
vocals.wav 125.666 0.0971599 1.22042 4.93681e-05 
vocals.wav 125.806 0.190983 1.02819 7.3923e-05 
vocals.wav 125.945 0.195017 1.20112 0.000392142 
vocals.wav 126.084 0.0685694 1.33675 0.00108988 
vocals.wav 126.224 0.08079 1.07257 0.000255142 
vocals.wav 126.363 0.107549 1.09477 0.000364913 
vocals.wav 126.502 0.06897 1.1561 0.000958549 
vocals.wav 126.642 0.070224 0.985929 0.000303961 
vocals.wav 126.781 0.0832646 1.10185 0.000882731 
vocals.wav 126.92 0.101972 0.847338 0.000754641 
vocals.wav 127.06 0.11247 0.755485 0.000187413 
vocals.wav 127.199 0.0494147 1.30359 9.06268e-05 
vocals.wav 127.338 0.0850462 1.24304 6.32827e-05 
vocals.wav 127.478 0.0996131 0.710274 1.11076e-05 
vocals.wav 127.617 0.265666 1.09442 9.62246e-07 
vocals.wav 127.756 0.028873 1.33276 2.82314e-05 
vocals.wav 127.896 0.0555829 1.20348 1.12153e-05 
vocals.wav 128.035 0.141502 1.14183 3.09376e-06 
vocals.wav 128.174 0.038144 1.29037 0.000319977 
vocals.wav 128.313 0.0933904 1.33753 0.00082713 
vocals.wav 128.453 0.107231 1.09855 0.000606242 
vocals.wav 128.592 0.109388 1.1002 9.59864e-05 
vocals.wav 128.731 0.141387 1.06547 3.58262e-05 
vocals.wav 128.871 0.134866 0.93627 2.43282e-05 
vocals.wav 129.01 0.129293 1.18585 0.000291212 
vocals.wav 129.149 0.139927 1.22337 4.98105e-05 
vocals.wav 129.289 0.117702 1.14631 3.079e-05 
vocals.wav 129.428 0.0449964 1.13721 0.000479756 
vocals.wav 129.567 0.0926374 0.986947 0.000494959 
vocals.wav 129.707 0.114977 1.0503 5.13549e-05 
vocals.wav 129.846 0.201634 0.953217 4.75111e-06 
vocals.wav 129.985 0.136997 1.08087 4.17952e-05 
vocals.wav 130.125 0.0692532 1.11016 0.000519517 
vocals.wav 130.264 0.0890932 1.04346 0.00146939 
vocals.wav 130.403 0.0970371 0.762584 0.000166323 
vocals.wav 130.543 0.0841979 0.777947 0.00131438 
vocals.wav 130.682 0.0666706 0.802789 0.000898505 
vocals.wav 130.821 0.0701865 0.791081 0.00110832 
vocals.wav 130.961 0.0820998 0.957604 0.000277348 
vocals.wav 131.1 0.102486 0.759838 6.37614e-05 
vocals.wav 131.239 0.101461 1.00324 0.000168182 
vocals.wav 131.379 0.0500034 1.11394 0.000596844 
vocals.wav 131.518 0.0453514 0.857067 0.00043227 
vocals.wav 131.657 0.0797462 1.06429 0.000111773 
vocals.wav 131.796 0.104909 0.952867 6.14729e-05 
vocals.wav 131.936 0.0826008 0.949134 5.60126e-05 
vocals.wav 132.075 0.0942647 0.71317 3.293e-05 
vocals.wav 132.214 0.0465856 1.14264 0.000387166 
vocals.wav 132.354 0.0773879 1.15815 0.000316791 
vocals.wav 132.493 0.11492 0.872606 9.27572e-06 
vocals.wav 132.632 0.087102 0.967719 1.89324e-05 
vocals.wav 132.772 0.0575685 0.970674 0.000598051 
vocals.wav 132.911 0.0712535 0.868176 0.000563238 
vocals.wav 133.05 0.0823127 0.876237 0.000442528 
vocals.wav 133.19 0.0841305 0.776222 0.000416572 
vocals.wav 133.329 0.079999 0.696343 0.000379525 
vocals.wav 133.468 0.0796717 0.690878 0.000445503 
vocals.wav 133.608 0.0848585 0.78225 0.000428674 
vocals.wav 133.747 0.0824862 0.750323 0.000404053 
vocals.wav 133.886 0.0653093 0.914929 0.000421339 
vocals.wav 134.026 0.0603864 1.17474 0.000827835 
vocals.wav 134.165 0.0527992 1.03658 0.000338931 
vocals.wav 134.304 0.0640326 0.997237 0.000311011 
vocals.wav 134.444 0.0741936 0.893242 0.000758398 
vocals.wav 134.583 0.0740914 0.94752 0.000689573 
vocals.wav 134.722 0.0782665 0.814538 0.000608026 
vocals.wav 134.861 0.0832606 0.747018 0.000577784 
vocals.wav 135.001 0.0840336 0.699237 0.000631457 
vocals.wav 135.14 0.0876036 0.822762 0.000507987 
vocals.wav 135.279 0.0857904 0.849825 0.000413514 
vocals.wav 135.419 0.109314 0.856771 0.000540879 
vocals.wav 135.558 0.119228 0.689621 0.000557922 
vocals.wav 135.697 0.12928 0.738873 0.000513538 
vocals.wav 135.837 0.123181 0.705299 0.000515282 
vocals.wav 135.976 0.138244 0.734101 0.00030024 
vocals.wav 136.115 0.12337 0.789293 0.000339327 
vocals.wav 136.255 0.115221 0.882388 0.000346702 
vocals.wav 136.394 0.129191 0.853521 0.000401218 
vocals.wav 136.533 0.120247 0.848429 0.000505329 
vocals.wav 136.673 0.140178 0.867085 0.000223957 
vocals.wav 136.812 0.0798981 1.13709 0.00018512 
vocals.wav 136.951 0.057811 1.04152 0.000621969 
vocals.wav 137.091 0.132539 1.10408 0.000101455 
vocals.wav 137.23 0.0968815 0.997393 6.00739e-05 
vocals.wav 137.369 0.127742 1.15344 5.46593e-05 
vocals.wav 137.509 0.0802634 0.932844 4.81974e-05 
vocals.wav 137.648 0.0643909 1.0043 0.000138537 
vocals.wav 137.787 0.0738656 0.924906 6.38621e-05 
vocals.wav 137.927 0.0647066 0.952736 8.69794e-05 
vocals.wav 138.066 0.18732 1.18697 0.000477251 
vocals.wav 138.205 0.100081 1.15335 0.00058713 
vocals.wav 138.344 0.0985353 0.663716 0.000588898 
vocals.wav 138.484 0.0648456 1.17467 0.000651099 
vocals.wav 138.623 0.0594938 0.851921 0.000641273 
vocals.wav 138.762 0.065419 0.744361 0.000512778 
vocals.wav 138.902 0.0712209 0.573273 0.00043657 
vocals.wav 139.041 0.0622852 0.860098 0.000644122 
vocals.wav 139.18 0.0858171 0.898844 0.000682477 
vocals.wav 139.32 0.0739599 1.004 0.000548232 
vocals.wav 139.459 0.0770757 0.688028 0.000411013 
vocals.wav 139.598 0.0780987 0.91831 0.000333354 
vocals.wav 139.738 0.0521352 0.876542 0.000202953 
vocals.wav 139.877 0.0750658 0.780597 0.000667461 
vocals.wav 140.016 0.0774728 0.866683 0.000331713 
vocals.wav 140.156 0.0841474 0.779322 0.000407544 
vocals.wav 140.295 0.0876972 0.801625 0.000378915 
vocals.wav 140.434 0.0793616 0.757913 0.000393773 
vocals.wav 140.574 0.0829672 0.715095 0.000381448 
vocals.wav 140.713 0.0804477 0.801089 0.000412217 
vocals.wav 140.852 0.0889068 0.852558 0.000372922 
vocals.wav 140.992 0.0911197 0.725326 0.000341012 
vocals.wav 141.131 0.0808043 0.857954 0.000378698 
vocals.wav 141.27 0.0770529 0.865182 0.000244518 
vocals.wav 141.41 0.079149 0.918274 9.39341e-05 
vocals.wav 141.549 0.0642104 0.950563 0.000166936 
vocals.wav 141.688 0.0675734 1.01204 0.000278627 
vocals.wav 141.827 0.0859623 0.816892 0.000168179 
vocals.wav 141.967 0.0771991 0.883561 0.000346761 
vocals.wav 142.106 0.0578792 1.02864 0.000623843 
vocals.wav 142.245 0.053201 0.702648 0.000881943 
vocals.wav 142.385 0.0638601 1.05749 0.00054959 
vocals.wav 142.524 0.0663476 0.969543 0.000343897 
vocals.wav 142.663 0.0727177 0.659248 0.000219088 
vocals.wav 142.803 0.0690809 0.733054 0.000234693 
vocals.wav 142.942 0.0571195 0.952631 0.000979301 
vocals.wav 143.081 0.05759 0.96545 0.00105127 
vocals.wav 143.221 0.060274 1.29182 0.00110915 
vocals.wav 143.36 0.0481288 1.2514 0.000641904 
vocals.wav 143.499 0.0674235 1.11169 0.000137613 
vocals.wav 143.639 0.0515883 1.13117 0.000794342 
vocals.wav 143.778 0.0466922 0.60845 0.000895191 
vocals.wav 143.917 0.0784983 1.09344 0.000452098 
vocals.wav 144.057 0.0591873 1.01333 0.00119442 
vocals.wav 144.196 0.0799423 1.19473 0.000367366 
vocals.wav 144.335 0.0897681 0.858114 0.000409712 
vocals.wav 144.475 0.096404 0.907497 0.000236364 
vocals.wav 144.614 0.0928797 0.981093 0.000328678 
vocals.wav 144.753 0.124191 0.795169 0.000478436 
vocals.wav 144.893 0.132011 0.697947 0.000557981 
vocals.wav 145.032 0.145648 0.71413 0.00063252 
vocals.wav 145.171 0.137499 0.630489 0.000535818 
vocals.wav 145.31 0.138089 0.701986 0.000394864 
vocals.wav 145.45 0.149023 0.777953 0.000498339 
vocals.wav 145.589 0.0604157 1.25565 0.000647779 
vocals.wav 145.728 0.0416139 0.828151 0.00131445 
vocals.wav 145.868 0.0730299 0.913005 0.000131001 
vocals.wav 146.007 0.136109 1.2694 0.000629409 
vocals.wav 146.146 0.0944996 1.03574 0.00121666 
vocals.wav 146.286 0.0430461 1.09674 0.000497126 
vocals.wav 146.425 0.074799 0.890279 0.000529116 
vocals.wav 146.564 0.0802156 0.969579 0.000682837 
vocals.wav 146.704 0.0812996 0.72955 0.00063464 
vocals.wav 146.843 0.102242 0.778869 0.000548761 
vocals.wav 146.982 0.0878792 0.785774 0.000568514 
vocals.wav 147.122 0.0908899 0.731946 0.000423732 
vocals.wav 147.261 0.0859308 0.796166 0.000230059 
vocals.wav 147.4 0.0808973 0.716296 0.000233561 
vocals.wav 147.54 0.0874702 0.807308 0.00023799 
vocals.wav 147.679 0.0819288 0.892952 9.87454e-05 
vocals.wav 147.818 0.0790857 0.787532 8.76937e-05 
vocals.wav 147.958 0.0928924 0.917103 0.000154489 
vocals.wav 148.097 0.0526012 0.943971 0.00088484 
vocals.wav 148.236 0.0814146 1.19761 0.000328954 
vocals.wav 148.376 0.0827718 1.2285 0.000501878 
vocals.wav 148.515 0.100366 0.843885 0.000146133 
vocals.wav 148.654 0.106404 0.875258 0.000360315 
vocals.wav 148.793 0.0727267 1.04518 0.000901812 
vocals.wav 148.933 0.0591584 1.2035 0.000451753 
vocals.wav 149.072 0.10058 0.776615 6.19734e-05 
vocals.wav 149.211 0.201129 1.21438 0.000149445 
vocals.wav 149.351 0.165085 0.965603 0.000526476 
vocals.wav 149.49 0.0957118 1.13744 0.00058977 
vocals.wav 149.629 0.0757737 1.33122 0.000858617 
vocals.wav 149.769 0.0995415 1.23299 6.85267e-05 
vocals.wav 149.908 0.111177 0.942819 2.91417e-05 
vocals.wav 150.047 0.118086 0.813078 2.69044e-05 
vocals.wav 150.187 0.0671634 1.05698 0.00109898 
vocals.wav 150.326 0.062137 0.82672 0.00160059 
vocals.wav 150.465 0.0748748 1.10722 0.000846292 
vocals.wav 150.605 0.0926673 1.13931 0.000607588 
vocals.wav 150.744 0.0934819 0.711224 0.000529749 
vocals.wav 150.883 0.117486 1.00877 0.000314862 
vocals.wav 151.023 0.112018 0.872704 0.00028215 
vocals.wav 151.162 0.116321 0.859076 0.000134717 
vocals.wav 151.301 0.130596 0.93002 0.000128439 
vocals.wav 151.441 0.141201 0.815039 8.92831e-05 
vocals.wav 151.58 0.16795 0.878698 3.74955e-05 
vocals.wav 151.719 0.100728 0.978564 0.000468693 
vocals.wav 151.859 0.0977282 0.938139 0.000323111 
vocals.wav 151.998 0.0745128 1.09305 0.000984708 
vocals.wav 152.137 0.157457 1.04009 0.000380074 
vocals.wav 152.276 0.102471 1.15617 0.000907823 
vocals.wav 152.416 0.103926 0.988867 0.000127634 
vocals.wav 152.555 0.124079 0.877063 0.000113499 
vocals.wav 152.694 0.232739 1.22091 1.16538e-05 
vocals.wav 152.834 0.273 1.05408 3.54646e-06 
vocals.wav 152.973 0.28524 0.799358 2.77973e-06 
vocals.wav 153.112 0.0572261 1.3502 0.000167459 
vocals.wav 153.252 0.186591 1.31953 0.00048163 
vocals.wav 153.391 0.0773121 1.2052 0.000676651 
vocals.wav 153.53 0.089893 1.08503 0.000441009 
vocals.wav 153.67 0.119561 0.919277 0.000476612 
vocals.wav 153.809 0.0708067 1.22493 0.000850163 
vocals.wav 153.948 0.0824588 1.12757 0.000576787 
vocals.wav 154.088 0.182793 1.19157 0.000217182 
vocals.wav 154.227 0.0848423 1.12591 0.000676002 
vocals.wav 154.366 0.122105 0.897701 3.83574e-05 
vocals.wav 154.506 0.110613 0.931113 0.000260185 
vocals.wav 154.645 0.0822465 1.15832 0.000743909 
vocals.wav 154.784 0.12116 1.18255 0.000305184 
vocals.wav 154.924 0.0568901 1.1553 0.000788019 
vocals.wav 155.063 0.0740215 1.21601 0.000322378 
vocals.wav 155.202 0.0476913 0.863271 0.000337825 
vocals.wav 155.341 0.0361707 0.369132 0.00035147 
vocals.wav 155.481 0.0291876 0.304798 0.000326304 
vocals.wav 155.62 0.0280727 0.179558 0.000289276 
vocals.wav 155.759 0.0304698 0.624991 0.000281839 
vocals.wav 155.899 0.0284623 0.13949 0.000304722 
vocals.wav 156.038 0.0277917 0.334357 0.000315303 
vocals.wav 156.177 0.0268134 0.491089 0.000265119 
vocals.wav 156.317 0.0253171 0.323 0.000275851 
vocals.wav 156.456 0.025621 0.327471 0.000254892 
vocals.wav 156.595 0.0404345 0.431368 3.21455e-05 
vocals.wav 156.735 0.0254356 1.34185 0.000168165 
vocals.wav 156.874 0.0246531 1.01362 6.74876e-05 
vocals.wav 157.013 0.0216547 1.16859 0.000291291 
vocals.wav 157.153 0.0222216 0.156227 0.000265674 
vocals.wav 157.292 0.0253777 1.12233 0.000165471 
vocals.wav 157.431 0.0268295 0.147467 0.000126028 
vocals.wav 157.571 0.0245501 0.368047 0.000151274 
vocals.wav 157.71 0.0245317 0.0810988 0.000152209 
vocals.wav 157.849 0.0255444 0.23897 0.00012939 
vocals.wav 157.989 0.0238287 0.222622 0.000128764 
vocals.wav 158.128 0.119156 1.28753 0.000581354 
vocals.wav 158.267 0.0516834 1.24175 0.000552564 
vocals.wav 158.407 0.0658333 0.69236 0.000435371 
vocals.wav 158.546 0.0557645 1.27769 0.000899466 
vocals.wav 158.685 0.068233 1.16581 0.000318795 
vocals.wav 158.824 0.148644 1.14266 0.000466023 
vocals.wav 158.964 0.188007 0.913914 0.0004761 
vocals.wav 159.103 0.14509 0.940167 0.000252759 
vocals.wav 159.242 0.10528 0.872106 0.000120579 
vocals.wav 159.382 0.146702 0.955803 0.000377913 
vocals.wav 159.521 0.124565 0.862523 0.000159571 
vocals.wav 159.66 0.0902423 1.08847 2.73666e-05 
vocals.wav 159.8 0.066675 1.14884 0.000524019 
vocals.wav 159.939 0.0778929 0.978833 3.89188e-05 
vocals.wav 160.078 0.0458248 1.01631 0.000126437 
vocals.wav 160.218 0.110638 0.849233 5.88629e-05 
vocals.wav 160.357 0.106886 1.06102 0.000750143 
vocals.wav 160.496 0.0878365 0.995528 2.73796e-05 
vocals.wav 160.636 0.0501478 1.1732 3.48381e-05 
vocals.wav 160.775 0.0649504 0.952939 1.07049e-05 
vocals.wav 160.914 0.0882347 1.16754 1.82526e-05 
vocals.wav 161.054 0.146656 1.01416 4.24133e-06 
vocals.wav 161.193 0.168293 0.426347 5.18111e-06 
vocals.wav 161.332 0.124212 1.29378 9.83112e-06 
vocals.wav 161.472 0.0652811 1.36641 6.23893e-05 
vocals.wav 161.611 0.0630586 0.894234 6.52367e-05 
vocals.wav 161.75 0.0769911 0.928422 3.65954e-05 
vocals.wav 161.89 0.0878378 1.01015 1.60034e-05 
vocals.wav 162.029 0.127094 0.979246 2.93299e-06 
vocals.wav 162.168 0.381168 1.03696 1.60026e-07 
vocals.wav 162.307 0.322965 1.0641 6.29649e-07 
vocals.wav 162.447 0.280407 0.96415 4.98185e-07 
vocals.wav 162.586 0.162574 0.766605 2.1491e-05 
vocals.wav 162.725 0.176278 0.902059 1.71165e-05 
vocals.wav 162.865 0.226014 0.978672 2.20127e-05 
vocals.wav 163.004 0.232034 0.938875 8.65598e-05 
vocals.wav 163.143 0.247676 0.764429 1.10036e-05 
vocals.wav 163.283 0.269417 0.8371 6.37851e-06 
vocals.wav 163.422 0.259389 0.939188 4.80546e-05 
vocals.wav 163.561 0.331906 1.13879 1.2992e-06 
vocals.wav 163.701 0.337765 0.969794 1.20421e-06 
vocals.wav 163.84 0.153859 1.02006 7.21632e-05 
vocals.wav 163.979 0.36908 1.2606 1.45133e-06 
vocals.wav 164.119 0.409294 0.813484 3.702e-07 
vocals.wav 164.258 0.318396 0.899612 5.58473e-06 
vocals.wav 164.397 0.255345 1.23807 3.8923e-06 
vocals.wav 164.537 0.355851 1.2713 4.50472e-05 
vocals.wav 164.676 0.365124 0.768461 7.85743e-06 
vocals.wav 164.815 0.219781 1.10283 8.35078e-05 
vocals.wav 164.955 0.205726 0.945297 0.000906656 
vocals.wav 165.094 0.192309 0.739633 0.00085734 
vocals.wav 165.233 0.16792 0.833227 0.000723414 
vocals.wav 165.373 0.160763 0.887826 0.000322112 
vocals.wav 165.512 0.120996 0.892573 0.00045135 
vocals.wav 165.651 0.142141 0.932748 0.000235814 
vocals.wav 165.79 0.124351 0.909513 0.000405711 
vocals.wav 165.93 0.0819689 1.06195 0.00125706 
vocals.wav 166.069 0.119052 0.878803 0.000630226 
vocals.wav 166.208 0.0911316 0.86617 0.000780743 
vocals.wav 166.348 0.101345 0.932909 0.000395848 
vocals.wav 166.487 0.174348 1.12776 7.38397e-05 
vocals.wav 166.626 0.175506 0.640442 2.71621e-05 
vocals.wav 166.766 0.154582 0.926342 2.07342e-05 
vocals.wav 166.905 0.1772 1.02332 3.17113e-05 
vocals.wav 167.044 0.0928958 1.02038 0.00104482 
vocals.wav 167.184 0.0852053 0.875331 0.0009124 
vocals.wav 167.323 0.0838225 0.986738 0.000691668 
vocals.wav 167.462 0.112733 0.89049 0.000639023 
vocals.wav 167.602 0.0749469 1.05097 0.000551158 
vocals.wav 167.741 0.0855781 1.11137 0.00077839 
vocals.wav 167.88 0.0834179 0.63569 0.000723805 
vocals.wav 168.02 0.079937 0.863206 0.000785987 
vocals.wav 168.159 0.0922411 0.802689 0.000870949 
vocals.wav 168.298 0.088053 0.716834 0.000793013 
vocals.wav 168.438 0.0844613 0.789348 0.00067205 
vocals.wav 168.577 0.103093 0.99474 0.000969017 
vocals.wav 168.716 0.0998904 0.906885 0.000536954 
vocals.wav 168.856 0.0888084 0.796129 0.000553581 
vocals.wav 168.995 0.113797 0.988011 0.00105754 
vocals.wav 169.134 0.0834835 0.929739 0.000708811 
vocals.wav 169.273 0.0800602 0.829279 0.000731054 
vocals.wav 169.413 0.08489 0.823052 0.000359092 
vocals.wav 169.552 0.0986112 0.810909 0.000430516 
vocals.wav 169.691 0.0926025 0.971393 0.000602671 
vocals.wav 169.831 0.108763 0.933585 0.000295148 
vocals.wav 169.97 0.10391 0.745564 0.000561287 
vocals.wav 170.109 0.111815 0.667782 0.000529156 
vocals.wav 170.249 0.121208 0.681841 0.000104685 
vocals.wav 170.388 0.134565 0.844405 5.10996e-05 
vocals.wav 170.527 0.112194 0.899528 0.000537423 
vocals.wav 170.667 0.114175 0.731061 0.000473271 
vocals.wav 170.806 0.102235 0.761381 0.000553729 
vocals.wav 170.945 0.123607 0.77621 6.99353e-05 
vocals.wav 171.085 0.116155 0.779803 0.000215933 
vocals.wav 171.224 0.126789 0.776956 0.000408499 
vocals.wav 171.363 0.115078 0.785298 0.000427859 
vocals.wav 171.503 0.119069 0.7146 0.000442601 
vocals.wav 171.642 0.118047 0.735446 0.000565227 
vocals.wav 171.781 0.109295 0.816557 0.000465904 
vocals.wav 171.921 0.11257 0.788077 0.000304344 
vocals.wav 172.06 0.0939249 0.758625 0.000197468 
vocals.wav 172.199 0.0634016 1.0515 0.000215998 
vocals.wav 172.339 0.0628577 0.98744 8.87998e-05 
vocals.wav 172.478 0.0388599 0.924234 0.000164157 
vocals.wav 172.617 0.0355859 0.350777 0.000150587 
vocals.wav 172.756 0.0336964 0.313209 0.000154286 
vocals.wav 172.896 0.0331361 0.512213 0.000111557 
vocals.wav 173.035 0.0339639 0.349895 0.000139782 
vocals.wav 173.174 0.0358174 0.402475 0.000109185 
vocals.wav 173.314 0.0370906 0.907439 0.000158561 
vocals.wav 173.453 0.0298939 0.579736 0.000227117 
vocals.wav 173.592 0.0296972 0.764036 0.000170682 
vocals.wav 173.732 0.0316624 1.06277 0.000133939 
vocals.wav 173.871 0.0241465 1.11574 0.000158888 
vocals.wav 174.01 0.019384 0.692572 0.000157233 
vocals.wav 174.15 0.0266885 0.852915 0.000122205 
vocals.wav 174.289 0.0355565 1.043 7.1075e-05 
vocals.wav 174.428 0.0730823 0.93686 0.000356596 
vocals.wav 174.568 0.0772348 0.849528 0.00027267 
vocals.wav 174.707 0.0781416 0.799571 0.000202301 
vocals.wav 174.846 0.0728449 0.759779 0.000495371 
vocals.wav 174.986 0.0634819 0.795278 8.80567e-05 
vocals.wav 175.125 0.058572 0.708091 5.9494e-05 
vocals.wav 175.264 0.0767268 0.704697 3.08626e-05 
vocals.wav 175.404 0.0768966 0.517486 1.69597e-05 
vocals.wav 175.543 0.0918732 0.665116 5.19939e-06 
vocals.wav 175.682 0.13849 1.15541 1.18857e-05 
vocals.wav 175.821 0.148389 0.718285 8.8162e-06 
vocals.wav 175.961 0.206665 0.94909 1.31566e-06 
vocals.wav 176.1 0.294413 0.712506 4.57943e-07 
vocals.wav 176.239 0.33385 0.927427 3.29238e-07 
vocals.wav 176.379 0.356306 0.943617 2.62639e-07 
vocals.wav 176.518 0.444366 1.10986 1.88865e-07 
vocals.wav 176.657 0.479937 0.82579 1.17339e-07 
vocals.wav 176.797 0.491496 0.703553 3.88643e-08 
vocals.wav 176.936 0.384604 0.930649 1.54378e-07 
vocals.wav 177.075 0.110074 1.09692 4.11306e-06 
vocals.wav 177.215 0.150928 1.07564 7.32326e-06 
vocals.wav 177.354 0.0699117 1.25692 0.00106149 
vocals.wav 177.493 0.0532457 1.16194 0.000399837 
vocals.wav 177.633 0.0859302 1.14505 0.000723312 
vocals.wav 177.772 0.205239 1.18569 8.39074e-05 
vocals.wav 177.911 0.161011 0.898481 0.000419652 
vocals.wav 178.051 0.091825 1.07298 0.000341779 
vocals.wav 178.19 0.120857 1.23218 0.000533088 
vocals.wav 178.329 0.0945186 1.0329 9.70899e-05 
vocals.wav 178.469 0.117758 1.10063 4.63312e-05 
vocals.wav 178.608 0.137168 1.0766 3.23505e-05 
vocals.wav 178.747 0.184649 1.06409 0.000502396 
vocals.wav 178.887 0.100168 1.22753 0.000762007 
vocals.wav 179.026 0.0744118 1.14403 0.00048247 
vocals.wav 179.165 0.0963411 1.18244 0.000888367 
vocals.wav 179.304 0.20081 1.03787 0.000133861 
vocals.wav 179.444 0.136045 0.934121 0.000221097 
vocals.wav 179.583 0.101344 1.23706 0.000623272 
vocals.wav 179.722 0.11108 1.17388 5.74496e-05 
vocals.wav 179.862 0.0754192 1.158 0.000145545 
vocals.wav 180.001 0.117888 1.31285 9.82282e-05 
vocals.wav 180.14 0.142114 1.21545 3.28525e-05 
vocals.wav 180.28 0.217446 1.1882 5.29338e-06 
vocals.wav 180.419 0.14468 1.2813 3.24554e-05 
vocals.wav 180.558 0.106086 1.27623 0.000874269 
vocals.wav 180.698 0.0742006 1.058 0.000856055 
vocals.wav 180.837 0.0875647 0.957673 0.000203576 
vocals.wav 180.976 0.118198 0.816541 2.79328e-05 
vocals.wav 181.116 0.130509 1.08183 3.319e-05 
vocals.wav 181.255 0.172218 0.785651 1.32782e-05 
vocals.wav 181.394 0.150199 0.63541 1.66679e-05 
vocals.wav 181.534 0.0863486 1.23685 0.000779174 
vocals.wav 181.673 0.119564 1.28998 0.000565598 
vocals.wav 181.812 0.0693648 0.926546 0.000339056 
vocals.wav 181.952 0.102534 1.13895 0.000658395 
vocals.wav 182.091 0.0480992 1.36267 0.000649886 
vocals.wav 182.23 0.213814 1.34689 0.000309843 
vocals.wav 182.37 0.0672091 1.28741 0.000624419 
vocals.wav 182.509 0.0582239 1.1946 0.000312391 
vocals.wav 182.648 0.0588046 0.939353 0.000603002 
vocals.wav 182.787 0.0576026 0.911601 0.000549875 
vocals.wav 182.927 0.102244 1.07219 3.43542e-05 
vocals.wav 183.066 0.103424 1.09478 4.70664e-05 
vocals.wav 183.205 0.0592769 1.147 0.000987015 
vocals.wav 183.345 0.0841291 1.15512 0.000630819 
vocals.wav 183.484 0.0774252 0.996091 0.000606096 
vocals.wav 183.623 0.148679 1.06807 0.000158831 
vocals.wav 183.763 0.0662211 1.1126 0.000919934 
vocals.wav 183.902 0.071773 1.01911 0.000141685 
vocals.wav 184.041 0.171803 1.09012 0.000193787 
vocals.wav 184.181 0.150337 0.874165 9.07118e-05 
vocals.wav 184.32 0.0789751 1.16407 0.000193904 
vocals.wav 184.459 0.0892116 0.82782 2.35177e-05 
vocals.wav 184.599 0.0874097 0.942189 1.84019e-05 
vocals.wav 184.738 0.127598 1.23747 1.41464e-05 
vocals.wav 184.877 0.063234 1.14875 0.000310349 
vocals.wav 185.017 0.158575 1.02187 0.000239394 
vocals.wav 185.156 0.102646 0.933609 0.000122112 
vocals.wav 185.295 0.10196 0.889102 0.000435954 
vocals.wav 185.435 0.0729766 1.07378 0.000385946 
vocals.wav 185.574 0.0675995 0.992485 3.67942e-05 
vocals.wav 185.713 0.0638058 0.71857 3.07718e-05 
vocals.wav 185.853 0.0692205 1.02761 4.88607e-05 
vocals.wav 185.992 0.0746895 0.951275 0.00048127 
vocals.wav 186.131 0.100057 0.972927 0.000618294 
vocals.wav 186.27 0.112437 0.898743 0.000310981 
vocals.wav 186.41 0.1274 1.02097 0.000481725 
vocals.wav 186.549 0.0643998 1.33079 0.000792395 
vocals.wav 186.688 0.0777923 0.783294 0.000963543 
vocals.wav 186.828 0.0715827 1.2481 0.000106857 
vocals.wav 186.967 0.063952 0.952302 0.000466828 
vocals.wav 187.106 0.0648184 1.23935 0.000534849 
vocals.wav 187.246 0.0868053 0.989448 0.000919333 
vocals.wav 187.385 0.0846022 1.1008 9.30569e-05 
vocals.wav 187.524 0.0527733 1.18759 0.000120652 
vocals.wav 187.664 0.112501 1.23549 0.0010258 
vocals.wav 187.803 0.0860013 1.20058 0.000652152 
vocals.wav 187.942 0.0714088 0.94403 7.09403e-05 
vocals.wav 188.082 0.0782872 1.05723 2.19754e-05 
vocals.wav 188.221 0.0839077 0.949331 2.15644e-05 
vocals.wav 188.36 0.0882674 0.74269 1.32416e-05 
vocals.wav 188.5 0.090125 0.981669 1.62252e-05 
vocals.wav 188.639 0.0774544 1.04016 5.89787e-05 
vocals.wav 188.778 0.0685318 0.943242 0.000139175 
vocals.wav 188.918 0.0916754 0.964184 0.000777067 
vocals.wav 189.057 0.0652204 1.00339 0.00109875 
vocals.wav 189.196 0.0771062 0.811797 0.000927911 
vocals.wav 189.336 0.0710917 0.651834 0.00112297 
vocals.wav 189.475 0.0789406 0.563846 0.00117676 
vocals.wav 189.614 0.0730944 0.739754 0.00128418 
vocals.wav 189.753 0.0901952 1.00698 0.000742322 
vocals.wav 189.893 0.0904351 0.805095 0.000711722 
vocals.wav 190.032 0.0790755 0.972266 0.000956534 
vocals.wav 190.171 0.0880865 0.93623 0.000952506 
vocals.wav 190.311 0.0874988 1.02189 0.00106089 
vocals.wav 190.45 0.0808513 0.870076 0.00106677 
vocals.wav 190.589 0.0800369 0.999967 0.00123676 
vocals.wav 190.729 0.0857291 0.777054 0.000847497 
vocals.wav 190.868 0.0991092 0.796334 0.000845125 
vocals.wav 191.007 0.0902829 0.907182 0.000741223 
vocals.wav 191.147 0.0795287 0.746183 0.000749336 
vocals.wav 191.286 0.0859738 0.937938 0.000349527 
vocals.wav 191.425 0.0635372 0.890705 0.000239319 
vocals.wav 191.565 0.073543 0.831124 0.00031571 
vocals.wav 191.704 0.0887309 1.30423 0.00121512 
vocals.wav 191.843 0.0953825 0.421088 0.00107155 
vocals.wav 191.983 0.0922664 1.12768 0.000826513 
vocals.wav 192.122 0.0981204 1.24751 0.000362287 
vocals.wav 192.261 0.131789 1.23592 0.000591369 
vocals.wav 192.401 0.0944656 1.11117 9.41305e-05 
vocals.wav 192.54 0.0760019 1.10045 0.000666962 
vocals.wav 192.679 0.0979242 1.30286 0.00048448 
vocals.wav 192.819 0.119086 1.27273 0.000308517 
vocals.wav 192.958 0.0937979 1.01846 7.85794e-05 
vocals.wav 193.097 0.0947839 0.757507 6.14379e-05 
vocals.wav 193.236 0.0706257 1.08707 0.000848193 
vocals.wav 193.376 0.0898844 1.01242 0.000129978 
vocals.wav 193.515 0.147191 0.978488 0.000298215 
vocals.wav 193.654 0.086411 0.782052 0.000140111 
vocals.wav 193.794 0.107798 0.871176 2.66816e-05 
vocals.wav 193.933 0.0890909 0.887239 8.23845e-06 
vocals.wav 194.072 0.0723385 1.22683 4.55365e-05 
vocals.wav 194.212 0.0409666 1.21955 0.00019126 
vocals.wav 194.351 0.0404677 1.35757 0.00122217 
vocals.wav 194.49 0.0917348 0.889552 0.00056021 
vocals.wav 194.63 0.0551148 1.18873 0.000211277 
vocals.wav 194.769 0.0907813 0.920096 0.000391116 
vocals.wav 194.908 0.185373 1.07916 0.000270453 
vocals.wav 195.048 0.123879 1.22526 0.000874011 
vocals.wav 195.187 0.0955013 0.919537 0.0007361 
vocals.wav 195.326 0.0868784 1.21352 0.000937929 
vocals.wav 195.466 0.079484 0.980257 0.000496511 
vocals.wav 195.605 0.130125 0.841389 3.00381e-05 
vocals.wav 195.744 0.103504 1.10012 0.000392184 
vocals.wav 195.884 0.0544679 1.22896 0.000228885 
vocals.wav 196.023 0.0616016 1.09365 0.000416679 
vocals.wav 196.162 0.0767182 1.34947 0.000431724 
vocals.wav 196.301 0.13049 1.00261 0.000188828 
vocals.wav 196.441 0.234866 1.10843 0.000134051 
vocals.wav 196.58 0.0903003 1.23148 0.000185327 
vocals.wav 196.719 0.125819 1.00248 4.68065e-05 
vocals.wav 196.859 0.108201 1.03975 2.19435e-05 
vocals.wav 196.998 0.040772 1.18226 0.000162286 
vocals.wav 197.137 0.0713866 1.12706 0.000863984 
vocals.wav 197.277 0.0634966 1.05598 0.000144116 
vocals.wav 197.416 0.0790035 1.08822 2.83345e-05 
vocals.wav 197.555 0.0541093 1.10965 7.88111e-05 
vocals.wav 197.695 0.0852225 0.966362 0.000533497 
vocals.wav 197.834 0.0734465 1.27258 0.000745629 
vocals.wav 197.973 0.0876038 1.14228 6.5596e-05 
vocals.wav 198.113 0.0633099 0.856146 0.000580802 
vocals.wav 198.252 0.11432 1.14866 0.00011393 
vocals.wav 198.391 0.0889965 0.988655 0.000206717 
vocals.wav 198.531 0.0712976 0.84732 0.000277938 
vocals.wav 198.67 0.114133 1.17241 3.13082e-05 
vocals.wav 198.809 0.140916 0.880798 1.80365e-05 
vocals.wav 198.949 0.0998926 0.952594 0.000703614 
vocals.wav 199.088 0.0927037 1.15674 0.000209514 
vocals.wav 199.227 0.0948675 1.23034 0.000456633 
vocals.wav 199.367 0.0866187 1.17364 0.000363134 
vocals.wav 199.506 0.0844118 0.882918 0.000709627 
vocals.wav 199.645 0.0610425 1.2084 9.55287e-05 
vocals.wav 199.784 0.0507294 1.16549 0.000904102 
vocals.wav 199.924 0.0658812 1.19753 0.00017292 
vocals.wav 200.063 0.0572524 1.00435 2.43885e-05 
vocals.wav 200.202 0.0622424 0.665002 2.2704e-05 
vocals.wav 200.342 0.0528318 1.06795 0.000447891 
vocals.wav 200.481 0.111128 0.897702 7.18706e-05 
vocals.wav 200.62 0.116181 1.06832 0.000293911 
vocals.wav 200.76 0.0537134 1.1026 0.00063043 
vocals.wav 200.899 0.0551309 0.922506 0.000902985 
vocals.wav 201.038 0.118697 1.13861 7.85794e-05 
vocals.wav 201.178 0.0650199 0.957378 0.000668353 
vocals.wav 201.317 0.0623893 0.930887 0.000307188 
vocals.wav 201.456 0.109792 1.26662 0.000185683 
vocals.wav 201.596 0.0935431 0.899305 3.72936e-05 
vocals.wav 201.735 0.087578 0.609689 2.31433e-05 
vocals.wav 201.874 0.0669178 0.903952 0.000138119 
vocals.wav 202.014 0.0661659 1.16589 0.000375475 
vocals.wav 202.153 0.0785953 1.17942 0.000443516 
vocals.wav 202.292 0.102406 1.16509 0.000408044 
vocals.wav 202.432 0.0762889 1.13639 0.000159812 
vocals.wav 202.571 0.0919147 0.803463 4.33257e-05 
vocals.wav 202.71 0.0941403 0.98258 1.96536e-05 
vocals.wav 202.85 0.0942439 0.870511 2.52005e-05 
vocals.wav 202.989 0.0661199 1.03753 0.000117172 
vocals.wav 203.128 0.0754438 0.892465 0.000715307 
vocals.wav 203.267 0.0890798 0.91435 0.00020017 
vocals.wav 203.407 0.0564 1.05955 0.000389442 
vocals.wav 203.546 0.0779596 0.949262 0.000963838 
vocals.wav 203.685 0.0973484 0.861191 5.90092e-05 
vocals.wav 203.825 0.11497 0.853183 1.90234e-05 
vocals.wav 203.964 0.101766 1.11832 0.000974279 
vocals.wav 204.103 0.0727411 1.16297 0.000391833 
vocals.wav 204.243 0.0618853 1.27457 0.000903828 
vocals.wav 204.382 0.0690003 1.23386 0.000311148 
vocals.wav 204.521 0.0862965 1.16169 0.000843662 
vocals.wav 204.661 0.104654 0.939142 0.000210279 
vocals.wav 204.8 0.168653 0.890133 0.000258018 
vocals.wav 204.939 0.106826 0.886489 0.000209241 
vocals.wav 205.079 0.0997685 0.888623 0.0004786 
vocals.wav 205.218 0.0679967 1.07781 0.000388555 
vocals.wav 205.357 0.0632627 0.929636 0.000682451 
vocals.wav 205.497 0.082953 1.08969 0.000861823 
vocals.wav 205.636 0.0850426 1.05611 0.000239268 
vocals.wav 205.775 0.0678193 0.886658 0.000386718 
vocals.wav 205.915 0.0697066 1.11732 0.000853415 
vocals.wav 206.054 0.0588722 1.09675 0.000174446 
vocals.wav 206.193 0.0693747 1.08246 0.00104508 
vocals.wav 206.333 0.0686581 1.18392 0.000316422 
vocals.wav 206.472 0.0521503 1.15138 0.00105576 
vocals.wav 206.611 0.108802 1.11884 0.000661075 
vocals.wav 206.75 0.0805476 0.974763 6.96161e-05 
vocals.wav 206.89 0.0581306 0.865765 4.14515e-05 
vocals.wav 207.029 0.0624316 0.849623 0.000978733 
vocals.wav 207.168 0.0741793 0.755507 0.000910151 
vocals.wav 207.308 0.0688655 0.886485 0.00018766 
vocals.wav 207.447 0.078427 0.985334 0.000952633 
vocals.wav 207.586 0.0632696 0.774642 0.000918359 
vocals.wav 207.726 0.0576828 1.09714 0.000902416 
vocals.wav 207.865 0.0587325 0.951077 0.000632212 
vocals.wav 208.004 0.0633821 0.737512 0.00082695 
vocals.wav 208.144 0.0688891 0.871542 0.000929381 
vocals.wav 208.283 0.0656548 1.0007 0.000916773 
vocals.wav 208.422 0.0601323 0.757548 0.000673887 
vocals.wav 208.562 0.0723396 0.851464 0.000478159 
vocals.wav 208.701 0.07013 0.872337 0.000640765 
vocals.wav 208.84 0.070518 1.05499 0.000466237 
vocals.wav 208.98 0.0557854 1.03015 0.000277136 
vocals.wav 209.119 0.0741055 1.17115 0.00103864 
vocals.wav 209.258 0.0855254 1.10203 0.00124898 
vocals.wav 209.398 0.0868274 0.913962 8.79637e-05 
vocals.wav 209.537 0.0931675 1.05152 0.000703563 
vocals.wav 209.676 0.113233 0.83184 0.000182703 
vocals.wav 209.816 0.1412 0.912438 0.000569079 
vocals.wav 209.955 0.0665009 1.06345 0.000814265 
vocals.wav 210.094 0.14743 1.03774 0.000527668 
vocals.wav 210.233 0.164185 0.980078 0.000129366 
vocals.wav 210.373 0.100038 1.14509 0.000764076 
vocals.wav 210.512 0.133969 1.22482 0.000500259 
vocals.wav 210.651 0.052778 1.33468 0.000387605 
vocals.wav 210.791 0.0826032 1.11534 0.000335882 
vocals.wav 210.93 0.122766 1.12216 5.7221e-05 
vocals.wav 211.069 0.0604536 1.06445 0.000617664 
vocals.wav 211.209 0.132637 1.11608 0.000456851 
vocals.wav 211.348 0.144072 0.624342 0.000327465 
vocals.wav 211.487 0.149514 0.675546 0.000389432 
vocals.wav 211.627 0.126024 0.603187 0.000334777 
vocals.wav 211.766 0.0530033 1.11737 0.000296951 
vocals.wav 211.905 0.195637 1.00326 7.86061e-06 
vocals.wav 212.045 0.195521 0.863492 2.07354e-06 
vocals.wav 212.184 0.155052 1.05839 5.55236e-06 
vocals.wav 212.323 0.0922521 1.20128 0.000887839 
vocals.wav 212.463 0.0797191 1.12495 0.000440462 
vocals.wav 212.602 0.102758 1.08772 0.00015329 
vocals.wav 212.741 0.107606 0.848301 6.3499e-05 
vocals.wav 212.881 0.0821437 1.06557 0.000165387 
vocals.wav 213.02 0.102339 1.07242 5.51761e-05 
vocals.wav 213.159 0.0807575 0.87826 0.000795341 
vocals.wav 213.299 0.109136 0.877095 3.16784e-05 
vocals.wav 213.438 0.113864 0.730992 8.23012e-06 
vocals.wav 213.577 0.152002 0.966664 5.35922e-06 
vocals.wav 213.716 0.134802 1.07034 2.34707e-06 
vocals.wav 213.856 0.106511 1.1485 0.000533358 
vocals.wav 213.995 0.0751098 1.22652 0.000221623 
vocals.wav 214.134 0.0619849 1.23145 0.000421129 
vocals.wav 214.274 0.0777182 1.28039 0.00051286 
vocals.wav 214.413 0.0747939 0.897549 0.000579469 
vocals.wav 214.552 0.0578711 1.24409 0.000271922 
vocals.wav 214.692 0.0806883 1.26956 0.000350272 
vocals.wav 214.831 0.0498244 1.25783 0.000729449 
vocals.wav 214.97 0.0670631 0.769585 0.000637959 
vocals.wav 215.11 0.0940074 0.769124 2.9892e-05 
vocals.wav 215.249 0.0665882 0.888995 0.000702355 
vocals.wav 215.388 0.0686827 1.07104 0.000662667 
vocals.wav 215.528 0.0880123 0.915932 2.84534e-05 
vocals.wav 215.667 0.104905 0.803372 1.26295e-05 
vocals.wav 215.806 0.120363 0.933254 3.3406e-05 
vocals.wav 215.946 0.172823 1.24566 6.06876e-06 
vocals.wav 216.085 0.180887 1.03786 1.81923e-06 
vocals.wav 216.224 0.10155 0.943006 0.000731508 
vocals.wav 216.364 0.0909498 1.1245 0.00111492 
vocals.wav 216.503 0.08222 1.22089 0.000762676 
vocals.wav 216.642 0.145068 1.11285 0.00017388 
vocals.wav 216.781 0.0859094 0.806114 0.000646238 
vocals.wav 216.921 0.117646 1.21768 0.000322543 
vocals.wav 217.06 0.0630008 1.09262 0.000392544 
vocals.wav 217.199 0.0506387 1.33694 0.000469229 
vocals.wav 217.339 0.0678927 1.37637 0.000750592 
vocals.wav 217.478 0.129936 1.17412 6.79244e-05 
vocals.wav 217.617 0.0754321 1.17008 0.000484699 
vocals.wav 217.757 0.053222 1.22908 0.000378823 
vocals.wav 217.896 0.0658446 1.2881 4.84392e-05 
vocals.wav 218.035 0.10635 1.22512 9.69688e-06 
vocals.wav 218.175 0.0440338 1.31634 4.31928e-05 
vocals.wav 218.314 0.25904 1.36972 5.73601e-05 
vocals.wav 218.453 0.0559681 1.37643 0.000583835 
vocals.wav 218.593 0.0914771 1.05249 3.36345e-05 
vocals.wav 218.732 0.0841993 1.17515 0.00132225 
vocals.wav 218.871 0.101814 0.823421 3.6927e-05 
vocals.wav 219.011 0.0643078 1.13627 0.000448567 
vocals.wav 219.15 0.0968135 1.30624 0.00072887 
vocals.wav 219.289 0.11418 1.23555 0.000433467 
vocals.wav 219.429 0.0791898 1.33003 0.000995779 
vocals.wav 219.568 0.0519868 1.29217 0.000236029 
vocals.wav 219.707 0.102193 1.25915 0.000803042 
vocals.wav 219.847 0.0869087 1.06491 6.23551e-05 
vocals.wav 219.986 0.151068 0.915761 5.06404e-05 
vocals.wav 220.125 0.0862766 1.12937 0.00079135 
vocals.wav 220.264 0.104647 1.15588 0.000332375 
vocals.wav 220.404 0.137595 0.882062 2.05704e-05 
vocals.wav 220.543 0.0367344 1.25611 0.000528844 
vocals.wav 220.682 0.0556974 1.30282 0.000296443 
vocals.wav 220.822 0.104032 1.1794 5.77192e-05 
vocals.wav 220.961 0.108303 0.988808 0.000654067 
vocals.wav 221.1 0.212318 1.18632 0.000160342 
vocals.wav 221.24 0.108552 1.18273 0.000526528 
vocals.wav 221.379 0.131725 1.09191 0.000363409 
vocals.wav 221.518 0.110335 0.844132 0.000508058 
vocals.wav 221.658 0.0704958 1.23045 0.000529482 
vocals.wav 221.797 0.0901456 1.20535 0.000373702 
vocals.wav 221.936 0.0660719 1.11646 0.000288754 
vocals.wav 222.076 0.0700568 0.895849 0.000199244 
vocals.wav 222.215 0.0952706 1.14525 5.27341e-05 
vocals.wav 222.354 0.113934 0.88566 0.000178598 
vocals.wav 222.494 0.0971388 0.873232 0.000286227 
vocals.wav 222.633 0.102423 0.895582 0.000606557 
vocals.wav 222.772 0.0988168 1.00797 7.13855e-05 
vocals.wav 222.912 0.113861 0.950074 2.38404e-05 
vocals.wav 223.051 0.100918 0.890712 2.61706e-05 
vocals.wav 223.19 0.0580392 1.09468 0.000240722 
vocals.wav 223.33 0.100055 1.27342 0.000502073 
vocals.wav 223.469 0.12198 1.04253 0.000216645 
vocals.wav 223.608 0.0896172 0.93021 0.0003072 
vocals.wav 223.747 0.0798171 1.01316 0.000409486 
vocals.wav 223.887 0.12034 1.10906 0.000316175 
vocals.wav 224.026 0.0642423 1.26865 0.000665513 
vocals.wav 224.165 0.0796733 1.22443 0.000153591 
vocals.wav 224.305 0.199875 1.22399 0.000326549 
vocals.wav 224.444 0.164666 0.897728 0.000184202 
vocals.wav 224.583 0.0625647 1.18389 0.000431838 
vocals.wav 224.723 0.116426 1.12356 0.00023526 
vocals.wav 224.862 0.142141 0.860014 9.55227e-05 
vocals.wav 225.001 0.0906299 1.07422 0.0002596 
vocals.wav 225.141 0.150972 1.00431 0.000103089 
vocals.wav 225.28 0.108366 0.760878 0.000379889 
vocals.wav 225.419 0.198549 1.13578 0.000485197 
vocals.wav 225.559 0.083258 1.24207 0.000115515 
vocals.wav 225.698 0.104744 0.759005 3.99861e-05 
vocals.wav 225.837 0.243401 1.22063 2.45975e-06 
vocals.wav 225.977 0.0818867 1.244 5.9966e-05 
vocals.wav 226.116 0.104751 1.16639 0.00085703 
vocals.wav 226.255 0.0633831 1.18242 0.000508286 
vocals.wav 226.395 0.0860259 1.20076 8.31011e-05 
vocals.wav 226.534 0.0904628 1.26948 0.000636572 
vocals.wav 226.673 0.135073 1.27325 0.000179134 
vocals.wav 226.813 0.0595374 1.18438 0.00102414 
vocals.wav 226.952 0.0866812 1.03554 0.000394955 
vocals.wav 227.091 0.0506897 1.29041 0.000373117 
vocals.wav 227.23 0.180526 1.26476 6.93432e-05 
vocals.wav 227.37 0.0774626 1.15048 0.00036949 
vocals.wav 227.509 0.0670827 0.760773 0.000369121 
vocals.wav 227.648 0.10712 1.01201 3.24528e-05 
vocals.wav 227.788 0.0999909 0.951609 3.89057e-05 
vocals.wav 227.927 0.0597522 1.13494 4.17129e-05 
vocals.wav 228.066 0.111625 0.699574 0.000382496 
vocals.wav 228.206 0.0820362 1.25966 0.000141918 
vocals.wav 228.345 0.127325 1.01655 0.000151746 
vocals.wav 228.484 0.0668079 1.06014 0.00014991 
vocals.wav 228.624 0.0993238 1.25544 0.000589471 
vocals.wav 228.763 0.0899961 1.08526 0.000672688 
vocals.wav 228.902 0.0822981 0.738725 0.000287006 
vocals.wav 229.042 0.0820833 1.07998 9.33771e-05 
vocals.wav 229.181 0.0498399 0.806742 8.07637e-05 
vocals.wav 229.32 0.0436642 0.522094 0.000101352 
vocals.wav 229.46 0.0565936 0.860786 6.45353e-05 
vocals.wav 229.599 0.0641874 1.12433 0.00106139 
vocals.wav 229.738 0.0905861 1.0945 0.000124315 
vocals.wav 229.878 0.103379 0.961246 0.000694748 
vocals.wav 230.017 0.0657176 1.16186 0.000113231 
vocals.wav 230.156 0.06528 0.877669 5.59245e-05 
vocals.wav 230.296 0.0687217 0.89265 6.59845e-05 
vocals.wav 230.435 0.0751506 0.924091 0.000145867 
vocals.wav 230.574 0.124497 1.11564 0.000224841 
vocals.wav 230.713 0.0608864 1.25639 0.000964469 
vocals.wav 230.853 0.065997 0.961503 8.92199e-05 
vocals.wav 230.992 0.0522345 1.09203 0.00090495 
vocals.wav 231.131 0.0637421 1.12104 9.15458e-05 
vocals.wav 231.271 0.0538501 1.20039 0.00101474 
vocals.wav 231.41 0.0601257 1.05966 0.000775784 
vocals.wav 231.549 0.0620118 0.961527 0.000545256 
vocals.wav 231.689 0.0581131 0.904885 0.000138849 
vocals.wav 231.828 0.0530909 0.986168 0.000609579 
vocals.wav 231.967 0.073139 0.985567 0.000155036 
vocals.wav 232.107 0.0602508 0.654626 0.000318867 
vocals.wav 232.246 0.0437499 0.589804 0.000411225 
vocals.wav 232.385 0.0671714 1.25832 0.000884176 
vocals.wav 232.525 0.061603 1.07596 0.000503818 
vocals.wav 232.664 0.113612 1.19714 0.000519178 
vocals.wav 232.803 0.0912339 1.17276 0.000325053 
vocals.wav 232.943 0.0788863 1.02351 0.000104893 
vocals.wav 233.082 0.064433 0.928565 0.000142906 
vocals.wav 233.221 0.080023 0.716547 0.00019821 
vocals.wav 233.361 0.0967189 0.7869 0.000277799 
vocals.wav 233.5 0.0694976 0.914288 0.000488672 
vocals.wav 233.639 0.0794748 0.690373 0.000306839 
vocals.wav 233.779 0.0808907 0.634363 0.000245622 
vocals.wav 233.918 0.0823652 0.737357 0.000286524 
vocals.wav 234.057 0.0868635 0.641654 0.000322192 
vocals.wav 234.196 0.0791473 0.697514 0.00031584 
vocals.wav 234.336 0.0925479 0.67516 0.000211567 
vocals.wav 234.475 0.0911228 0.71897 0.000203153 
vocals.wav 234.614 0.0992847 0.823021 0.000157582 
vocals.wav 234.754 0.126045 0.738146 7.40702e-05 
vocals.wav 234.893 0.124885 0.654499 4.92887e-05 
vocals.wav 235.032 0.11373 0.924004 6.34878e-05 
vocals.wav 235.172 0.102159 0.906605 5.40692e-05 
vocals.wav 235.311 0.132551 0.728755 2.83888e-05 
vocals.wav 235.45 0.12965 0.835248 5.1038e-05 
vocals.wav 235.59 0.149403 0.786163 3.01457e-05 
vocals.wav 235.729 0.165456 0.842456 1.59521e-05 
vocals.wav 235.868 0.130214 0.591044 3.74609e-05 
